64
0 1 1
0 2 3
0 3 1
0 4 1
0 5 1
0 6 4
0 7 1
0 8 1
0 9 4
0 10 1
0 11 1
0 12 2
0 13 2
0 14 2
0 15 2
0 16 1
0 17 1
0 18 1
0 19 1
0 20 1
0 21 1
0 22 1
0 23 2
0 24 2
0 25 1
0 26 1
0 27 1
0 28 1
0 29 1
1 0 1
1 2 1
2 0 3
2 1 1
2 3 1
2 4 1
2 6 3
2 7 1
2 8 1
2 9 2
2 10 1
2 11 1
2 12 1
2 13 1
2 14 1
2 15 2
2 16 1
2 17 1
2 18 1
2 19 1
2 20 1
2 21 1
2 22 1
2 23 1
2 24 2
2 25 1
2 27 1
2 28 1
2 29 1
3 0 1
3 2 1
3 4 1
3 16 1
3 17 1
3 19 1
3 20 1
3 21 1
3 22 1
3 24 1
4 0 1
4 2 1
4 3 1
4 16 1
4 17 1
4 19 1
4 20 1
4 21 1
4 22 1
4 24 1
5 0 1
5 16 1
5 30 1
5 31 1
5 23 1
5 25 1
5 32 1
6 0 4
6 2 3
6 7 1
6 33 1
6 9 3
6 10 1
6 11 1
6 12 1
6 13 2
6 14 2
6 15 3
6 20 1
6 23 1
6 24 1
6 25 1
6 26 1
6 34 1
6 35 1
6 27 2
6 28 2
6 36 1
6 29 1
7 0 1
7 2 1
7 6 1
7 8 1
7 33 2
7 18 1
8 0 1
8 2 1
8 7 1
8 18 1
33 6 1
33 7 2
9 0 4
9 2 2
9 6 3
9 10 1
9 11 1
9 12 1
9 13 2
9 14 1
9 15 2
9 20 1
9 23 1
9 24 1
9 25 1
9 37 1
9 26 1
9 27 1
9 28 1
9 29 2
10 0 1
10 2 1
10 6 1
10 9 1
10 11 1
10 12 1
10 13 1
10 14 1
10 15 1
10 28 1
11 0 1
11 2 1
11 6 1
11 9 1
11 10 1
11 12 1
11 13 2
11 14 2
11 15 1
11 28 1
12 0 2
12 2 1
12 6 1
12 9 1
12 10 1
12 11 1
12 13 3
12 14 2
12 15 1
12 28 1
13 0 2
13 2 1
13 6 2
13 9 2
13 10 1
13 11 2
13 12 3
13 14 3
13 15 1
13 28 1
13 36 1
14 0 2
14 2 1
14 6 2
14 9 1
14 10 1
14 11 2
14 12 2
14 13 3
14 15 1
14 28 1
14 38 1
15 0 2
15 2 2
15 6 3
15 9 2
15 10 1
15 11 1
15 12 1
15 13 1
15 14 1
15 23 1
15 24 1
15 25 1
15 32 1
15 27 1
15 28 1
15 29 1
16 0 1
16 2 1
16 3 1
16 4 1
16 5 1
16 17 1
16 19 1
16 20 1
16 21 1
16 22 1
16 39 1
16 40 1
16 24 1
16 41 1
16 42 1
30 5 1
30 43 1
30 44 1
30 17 1
30 39 1
30 40 1
45 44 1
45 46 1
45 47 1
45 48 1
45 49 1
45 50 1
45 51 1
45 52 1
43 30 1
43 17 1
43 39 1
43 40 1
43 48 1
44 30 1
44 45 1
44 17 1
17 0 1
17 2 1
17 3 1
17 4 1
17 16 1
17 30 1
17 43 1
17 44 1
17 19 1
17 20 1
17 21 1
17 22 1
17 39 1
17 40 1
17 24 1
17 53 1
18 0 1
18 2 1
18 7 1
18 8 1
18 54 1
18 55 1
18 56 1
18 35 1
54 18 1
54 55 1
54 56 1
54 35 1
19 0 1
19 2 1
19 3 1
19 4 1
19 16 1
19 17 1
19 20 1
19 21 1
19 22 1
19 24 1
19 29 1
20 0 1
20 2 1
20 3 1
20 4 1
20 6 1
20 9 1
20 16 1
20 17 1
20 19 1
20 21 1
20 22 1
20 24 1
21 0 1
21 2 1
21 3 1
21 4 1
21 16 1
21 17 1
21 19 1
21 20 1
21 57 1
21 22 1
21 58 1
21 24 1
21 59 1
21 48 1
57 21 1
57 22 1
57 58 1
22 0 1
22 2 1
22 3 1
22 4 1
22 16 1
22 17 1
22 19 1
22 20 1
22 21 1
22 57 1
22 58 1
22 24 1
58 21 1
58 57 1
58 22 1
58 48 1
58 60 1
46 45 1
46 49 1
46 50 1
46 51 1
46 52 1
39 16 1
39 30 1
39 43 1
39 17 1
39 40 1
40 16 1
40 30 1
40 43 1
40 17 1
40 39 1
55 18 1
55 54 1
55 56 1
55 35 1
31 5 1
31 29 1
23 0 2
23 2 1
23 5 1
23 6 1
23 9 1
23 15 1
23 24 1
23 25 1
23 27 1
23 29 1
23 48 1
24 0 2
24 2 2
24 3 1
24 4 1
24 6 1
24 9 1
24 15 1
24 16 1
24 17 1
24 19 1
24 20 1
24 21 1
24 22 1
24 23 1
24 25 1
24 27 1
24 29 1
53 17 1
41 16 1
25 0 1
25 2 1
25 5 1
25 6 1
25 9 1
25 15 1
25 23 1
25 24 1
25 27 1
25 29 1
61 48 1
37 9 1
26 0 1
26 6 1
26 9 1
26 29 1
42 16 1
47 45 1
34 6 1
32 5 1
32 15 1
56 18 1
56 54 1
56 55 1
56 35 2
35 6 1
35 18 1
35 54 1
35 55 1
35 56 2
35 38 1
27 0 1
27 2 1
27 6 2
27 9 1
27 15 1
27 23 1
27 24 1
27 25 1
28 0 1
28 2 1
28 6 2
28 9 1
28 10 1
28 11 1
28 12 1
28 13 1
28 14 1
28 15 1
36 6 1
36 13 1
38 14 1
38 35 1
29 0 1
29 2 1
29 6 1
29 9 2
29 15 1
29 19 1
29 31 1
29 23 1
29 24 1
29 25 1
29 26 1
29 62 1
29 63 1
59 21 1
48 45 1
48 43 1
48 21 1
48 58 1
48 23 1
48 61 1
48 49 1
48 50 1
48 51 1
48 52 1
48 60 1
49 45 1
49 46 1
49 48 1
49 50 1
49 51 1
49 52 1
50 45 1
50 46 1
50 48 1
50 49 1
50 51 1
50 52 1
51 45 1
51 46 1
51 48 1
51 49 1
51 50 1
51 52 1
52 45 1
52 46 1
52 48 1
52 49 1
52 50 1
52 51 1
62 29 1
62 63 1
63 29 1
63 62 1
60 58 1
60 48 1
