1461
0 1 2.5
2 3 0.25
4 3 0.25
4 2 0.25
5 3 0.25
5 2 0.25
5 4 0.25
6 3 0.25
6 2 0.25
6 4 0.25
6 5 0.25
7 8 1
9 8 3.16667
10 8 1.16667
10 9 1.16667
11 8 0.666667
11 10 0.666667
11 9 0.666667
12 13 0.333333
14 13 0.333333
14 12 0.333333
15 13 0.333333
15 12 0.333333
15 14 0.333333
16 17 0.5
18 17 0.5
18 16 0.5
19 20 0.5
21 20 0.5
21 19 0.5
22 23 0.5
24 23 0.5
24 22 2.33333
25 26 0.5
27 26 0.5
27 25 0.5
28 29 0.5
30 29 0.5
30 28 0.5
31 29 3.58333
32 29 1.58333
32 31 4.225
33 34 0.2
35 34 0.2
35 33 0.2
36 34 0.2
36 33 0.2
36 35 0.2
37 34 0.2
37 33 0.2
37 35 0.2
37 36 0.2
38 34 0.2
38 33 0.2
38 35 0.2
38 36 0.2
38 37 0.2
39 40 1
41 42 0.5
43 42 0.5
43 41 0.5
44 45 0.333333
46 45 0.333333
46 44 0.333333
47 45 0.333333
47 44 0.333333
47 46 0.333333
48 31 0.75
49 48 0.25
49 31 0.25
50 48 0.25
50 49 0.25
50 31 1.85833
50 32 0.775
51 48 0.25
51 49 0.25
51 50 0.625
51 31 2.99167
51 32 1.15833
51 29 0.25
52 48 0.5
53 48 0.5
53 52 3.83333
54 48 1
55 48 1
55 54 1
56 57 0.5
58 57 0.5
58 56 0.5
59 60 0.47619
61 60 0.333333
61 59 0.333333
62 60 0.333333
62 59 0.333333
62 61 0.333333
63 64 0.5
65 64 0.5
65 63 0.5
66 67 0.833333
68 67 2.16667
68 66 0.833333
69 67 0.916667
69 66 0.333333
69 68 0.666667
70 71 0.333333
72 71 0.333333
72 70 0.333333
73 71 0.333333
73 70 0.333333
73 72 0.333333
74 75 0.333333
74 43 1
76 75 0.333333
76 74 0.333333
77 75 0.333333
77 74 0.333333
77 76 0.333333
78 79 0.5
80 79 0.5
80 78 0.5
81 82 0.5
83 82 0.5
83 81 0.5
84 85 2.5
86 52 1
87 88 0.5
89 88 0.5
89 87 0.5
90 91 0.5
92 91 2.66667
92 90 0.5
93 91 2.33333
93 90 0.5
93 92 2.33333
93 67 1.83333
94 91 0.5
94 90 0.5
94 92 0.5
94 93 0.5
95 91 0.5
95 92 0.5
95 93 0.5
96 91 0.25
96 95 1.25
96 92 0.25
96 93 0.25
97 98 0.5
99 98 0.5
99 97 0.5
100 101 0.5
102 101 0.5
102 100 0.5
103 104 1
105 106 1
107 108 1
109 110 1
111 112 1
113 114 1
113 74 1
115 116 0.5
117 116 0.5
117 115 0.5
118 119 0.7
120 119 0.5
120 118 0.75
121 122 1
123 31 1.33333
123 29 0.333333
123 32 0.333333
124 31 2.275
124 32 0.525
124 50 1.025
124 51 0.375
125 31 1.025
125 32 1.025
125 124 0.525
125 50 0.525
125 51 0.125
126 31 0.525
126 32 0.525
126 124 0.525
126 125 0.525
126 50 0.525
126 51 0.125
127 128 1
129 130 1
131 132 0.111111
133 132 0.111111
133 131 0.111111
134 132 0.111111
134 131 0.111111
134 133 0.111111
135 132 0.111111
135 131 0.111111
135 133 0.111111
135 134 0.111111
136 132 0.111111
136 131 0.111111
136 133 0.111111
136 134 0.111111
136 135 0.111111
137 132 0.111111
137 131 0.111111
137 133 0.111111
137 134 0.111111
137 135 0.111111
137 136 0.111111
138 132 0.111111
138 131 0.111111
138 133 0.111111
138 134 0.111111
138 135 0.111111
138 136 0.111111
138 137 0.111111
139 132 0.111111
139 131 0.111111
139 133 0.111111
139 134 0.111111
139 135 0.111111
139 136 0.111111
139 137 0.111111
139 138 0.111111
140 132 0.111111
140 131 0.111111
140 133 0.111111
140 134 0.111111
140 135 0.111111
140 136 0.111111
140 137 0.111111
140 138 0.111111
140 139 0.111111
141 68 1.16667
142 141 0.666667
142 68 0.666667
142 92 0.833333
142 91 0.333333
143 141 1.16667
143 68 1.16667
143 142 4.75
143 118 0.333333
144 141 1
145 146 1.33333
147 146 0.333333
147 145 0.333333
148 146 0.333333
148 145 0.333333
148 147 0.333333
149 68 0.5
150 68 0.5
150 149 0.5
151 152 1
153 154 1
155 156 1
157 158 1
159 160 0.5
161 160 0.5
161 159 0.5
162 163 0.5
164 163 1.5
164 162 0.5
165 166 0.5
167 166 0.5
167 165 0.5
168 169 1
170 169 1
170 168 1
171 172 1
173 52 0.5
173 53 0.5
174 173 0.5
175 173 0.5
175 174 0.5
176 177 1.5
178 177 0.5
178 176 0.5
179 31 0.583333
180 43 0.833333
181 180 0.333333
181 43 0.333333
182 180 0.333333
182 181 0.333333
182 43 0.333333
183 180 0.5
183 43 0.5
184 185 1.25
186 185 0.25
186 184 0.25
187 185 0.25
187 184 0.25
187 186 0.25
188 185 0.25
188 184 0.25
188 186 0.25
188 187 0.25
189 190 0.5
189 22 0.333333
189 24 0.333333
191 190 0.5
191 189 0.833333
191 22 0.333333
191 24 0.333333
192 123 1
193 194 1
195 196 0.5
197 196 0.5
197 195 0.5
198 199 0.5
200 199 0.5
200 198 0.5
201 202 0.5
203 202 0.5
203 201 0.5
204 44 0.333333
204 127 0.5
205 204 1.08333
205 44 0.333333
206 204 1.66667
206 205 1.08333
206 44 0.333333
207 204 0.5
207 206 0.25
208 204 1.5
208 207 0.5
208 206 0.25
209 204 0.25
209 207 0.583333
209 208 0.25
210 204 0.25
210 207 1.75
210 208 0.25
210 209 0.25
211 204 0.5
211 127 0.5
212 204 0.583333
212 208 0.25
212 207 0.25
212 206 0.583333
213 142 2.08333
213 92 0.333333
213 91 0.333333
213 143 0.75
214 215 1
216 217 1.33333
218 217 0.333333
218 216 0.333333
219 217 0.333333
219 216 0.333333
219 218 0.333333
220 221 0.5
222 221 0.5
222 220 0.5
222 69 1
223 224 1
225 226 1
227 226 1
228 229 1
230 231 3.5
232 231 1
233 231 1
234 235 0.5
236 235 0.5
236 234 0.5
237 205 0.25
237 204 0.25
237 206 0.25
238 205 0.25
238 204 0.5
238 237 0.25
238 206 0.25
239 240 1
241 240 0.5
241 239 0.5
242 243 1.33333
244 245 1
246 247 0.142857
248 247 0.142857
248 246 0.142857
249 247 0.142857
249 246 0.67619
249 248 0.142857
250 247 0.142857
250 246 0.67619
250 248 0.142857
250 249 0.92619
251 247 0.142857
251 246 0.142857
251 248 0.142857
251 249 0.142857
251 250 0.142857
252 247 0.142857
252 246 0.67619
252 248 0.142857
252 249 0.92619
252 250 0.92619
252 251 0.142857
253 247 0.142857
253 246 0.142857
253 248 0.142857
253 249 0.142857
253 250 0.142857
253 251 0.142857
253 252 0.142857
254 255 1
256 257 0.5
258 257 0.5
258 256 0.5
259 260 0.5
261 260 0.5
261 259 1
262 263 0.166667
264 263 0.166667
264 262 0.166667
264 74 1
264 142 1.83333
265 263 0.166667
265 262 0.166667
265 264 0.166667
266 263 0.166667
266 262 0.166667
266 264 3.16667
266 265 0.166667
267 263 0.166667
267 262 0.166667
267 264 0.166667
267 265 0.166667
267 266 0.166667
268 263 0.166667
268 262 0.166667
268 264 0.166667
268 265 0.166667
268 266 0.166667
268 267 0.166667
269 270 0.5
271 270 1
271 269 0.5
272 270 0.5
272 271 0.5
273 274 0.5
275 274 0.5
275 273 0.5
276 277 2.1
278 279 1
280 279 0.333333
281 279 0.333333
281 280 0.333333
282 279 1.33333
282 280 0.333333
282 281 0.333333
283 192 1.16667
283 142 0.5
283 143 0.5
283 154 0.25
284 283 1.33333
284 192 0.833333
285 283 0.333333
285 192 0.333333
285 284 0.333333
286 283 0.5
286 284 0.5
287 74 0.583333
288 287 0.25
288 74 0.25
289 287 0.25
289 288 0.25
289 74 0.25
289 249 0.25
289 250 0.25
289 252 0.25
290 287 0.583333
290 288 0.25
290 289 0.25
290 74 1.58333
291 287 0.333333
291 74 3.33333
291 290 2.33333
292 93 0.5
292 67 0.5
293 294 1
295 296 0.5
297 296 0.5
297 295 0.5
298 192 0.333333
298 283 0.583333
298 154 0.25
299 192 0.333333
299 298 0.333333
299 283 0.333333
300 301 1
302 303 0.833333
304 303 0.333333
304 302 0.333333
305 303 0.666667
305 302 0.333333
305 304 0.333333
306 303 0.333333
306 305 0.333333
307 303 0.333333
307 305 0.333333
307 306 0.333333
308 309 0.333333
308 29 0.333333
310 309 0.333333
310 308 1.16667
311 309 0.333333
311 308 0.333333
311 310 0.333333
312 143 0.5
313 312 0.5
313 143 0.5
314 315 0.333333
316 315 0.333333
316 314 0.333333
317 315 0.333333
317 314 0.333333
317 316 0.333333
318 319 1
320 321 0.333333
322 321 0.333333
322 320 0.333333
323 321 0.333333
323 320 1.33333
323 322 0.333333
324 325 0.5
324 209 0.333333
324 207 2.47619
326 325 0.5
326 324 0.5
327 238 0.25
327 204 0.583333
328 327 0.583333
328 238 0.25
328 204 0.916667
329 327 0.583333
329 328 0.583333
329 238 0.25
329 204 0.583333
330 331 0.2
332 331 0.2
332 330 0.2
333 331 0.2
333 330 0.2
333 332 0.2
334 331 0.2
334 330 0.2
334 332 0.2
334 333 0.2
335 331 0.2
335 330 0.2
335 332 0.2
335 333 0.2
335 334 0.2
336 337 0.5
338 337 0.5
338 336 0.5
339 340 0.833333
341 340 0.5
341 339 0.5
342 340 0.333333
342 339 0.333333
343 340 0.333333
343 342 0.333333
343 339 0.333333
344 60 0.2
345 344 1
346 344 0.5
347 344 0.5
347 346 0.5
348 349 0.5
350 349 0.5
350 348 0.5
351 22 0.5
351 24 0.5
352 74 0.5
353 352 0.5
353 74 2.5
353 291 0.5
354 355 0.5
356 355 0.5
356 354 0.5
357 31 0.25
358 357 1.91667
358 31 0.25
359 357 2.91667
359 358 1.91667
359 31 0.25
360 357 0.333333
360 358 0.333333
360 359 0.333333
361 362 0.5
363 362 0.5
363 361 0.5
364 365 0.5
366 365 0.5
366 364 0.5
367 368 0.142857
369 368 0.142857
369 367 0.142857
370 368 0.142857
370 367 0.142857
370 369 0.142857
371 368 0.142857
371 367 0.142857
371 369 0.142857
371 370 0.142857
372 368 0.142857
372 367 0.142857
372 369 0.142857
372 370 0.142857
372 371 0.142857
373 368 0.142857
373 367 0.142857
373 369 0.142857
373 370 0.142857
373 371 0.142857
373 372 0.142857
374 368 0.142857
374 367 0.142857
374 369 0.142857
374 370 0.142857
374 371 0.142857
374 372 0.142857
374 373 0.142857
375 376 0.333333
377 376 0.333333
377 375 0.333333
378 376 0.333333
378 375 0.333333
378 377 0.333333
379 380 0.333333
381 380 0.333333
381 379 0.333333
382 380 0.333333
382 379 0.333333
382 381 0.333333
383 259 0.166667
383 261 0.166667
384 383 0.166667
384 259 0.166667
384 261 0.166667
384 308 2.16667
384 310 0.333333
384 29 0.333333
385 383 0.166667
385 384 0.166667
385 259 0.5
385 261 0.5
386 383 0.166667
386 384 0.166667
386 259 0.166667
386 385 0.166667
386 261 0.166667
387 383 0.166667
387 384 0.166667
387 259 0.166667
387 385 0.166667
387 261 0.166667
387 386 0.166667
388 158 1
389 390 0.25
391 390 0.583333
391 389 0.25
392 390 0.25
392 389 0.25
392 391 0.25
393 390 0.583333
393 389 0.25
393 391 0.583333
393 392 0.25
394 390 0.333333
394 391 0.333333
394 393 0.333333
395 396 1
395 233 0.333333
397 384 0.833333
397 308 3.5
397 310 0.333333
398 384 1
398 308 1
399 400 1
401 300 1
402 403 0.5
404 403 0.5
404 402 0.5
405 406 0.5
407 406 0.5
407 405 0.5
408 43 1.33333
409 408 1
410 411 1
412 411 1
413 414 1
415 230 1
415 231 1
416 417 0.5
418 417 0.5
418 416 0.5
419 112 0.5
420 419 1
421 419 0.5
421 112 0.5
422 423 1
422 69 0.5
424 425 1
426 427 0.333333
428 427 0.333333
428 426 0.333333
429 427 0.333333
429 426 0.333333
429 428 0.333333
430 265 1
431 432 0.142857
433 432 0.142857
433 431 0.142857
434 432 0.142857
434 431 0.142857
434 433 0.142857
435 432 0.142857
435 431 0.142857
435 433 0.142857
435 434 0.142857
436 432 0.142857
436 431 0.142857
436 433 0.142857
436 434 0.142857
436 435 0.142857
437 432 0.142857
437 431 0.642857
437 433 0.142857
437 434 0.142857
437 435 0.142857
437 436 0.142857
438 432 0.142857
438 431 0.642857
438 433 0.142857
438 434 0.142857
438 435 0.142857
438 436 0.142857
438 437 0.642857
439 440 0.333333
441 440 0.333333
441 439 0.333333
442 440 0.333333
442 439 0.333333
442 441 0.333333
442 283 0.5
443 31 1
444 443 1.5
445 443 0.5
445 444 0.5
446 447 0.25
448 447 0.25
448 446 0.25
449 447 0.25
449 446 0.25
449 448 0.25
450 447 0.25
450 446 0.25
450 448 0.25
450 449 0.25
451 452 0.833333
451 210 0.5
451 207 0.5
453 452 0.5
453 451 0.5
454 455 1
456 455 0.5
457 455 0.5
457 456 0.5
458 459 0.333333
460 459 0.333333
460 458 0.333333
461 459 0.333333
461 458 0.333333
461 460 0.333333
462 463 1
464 31 1
465 466 1
467 31 0.333333
467 51 0.333333
468 467 0.333333
468 31 0.333333
468 51 0.333333
469 291 1.5
469 74 0.5
470 469 0.5
470 291 0.5
471 469 1
472 469 0.5
472 291 0.5
473 474 0.5
475 474 0.5
475 473 0.5
476 477 1
478 285 1
479 142 0.5
480 479 1
481 479 2.5
481 480 1
482 479 1.5
482 481 0.5
483 484 1
485 179 0.583333
485 31 0.583333
486 485 1.08333
486 179 0.583333
486 31 0.583333
487 485 0.75
487 486 0.75
487 179 0.25
487 31 0.25
488 489 1
490 230 0.5
490 231 0.5
491 492 0.833333
493 492 0.833333
493 491 2.33333
493 328 0.333333
493 204 0.333333
493 143 1.58333
493 142 1.08333
493 213 0.25
494 492 0.333333
494 491 0.333333
494 493 2.91667
494 143 2.25
494 142 1.58333
494 213 0.25
494 118 0.333333
494 144 1
495 496 1
497 498 1
499 73 1
500 499 0.25
501 499 0.25
501 500 0.25
502 499 0.25
502 500 0.25
502 501 0.25
503 499 0.25
503 500 0.25
503 501 0.25
503 502 0.25
504 499 2
505 506 1
507 508 0.533333
509 508 0.533333
509 507 0.533333
510 508 0.333333
510 507 0.333333
510 509 0.333333
511 512 1
513 514 0.5
515 514 0.833333
515 513 0.5
516 514 0.333333
517 514 0.333333
517 516 0.333333
518 514 0.333333
518 516 0.333333
518 517 0.333333
519 520 1
521 522 1
521 52 0.5
521 53 0.5
521 311 1.5
523 113 0.333333
524 523 0.333333
524 113 0.333333
525 523 0.333333
525 524 0.333333
525 113 1.83333
526 527 0.5
528 527 0.5
528 526 0.5
529 530 0.5
531 530 0.5
531 529 0.5
532 533 1
534 31 0.708333
534 50 0.708333
534 32 0.375
534 125 0.125
534 51 0.375
534 124 0.125
534 126 0.125
535 534 0.458333
535 31 0.458333
535 50 0.458333
535 32 0.125
535 125 0.125
535 51 0.125
535 124 0.125
535 126 0.125
536 78 1
537 536 0.333333
538 536 0.333333
538 537 0.333333
539 536 0.333333
539 537 0.333333
539 538 0.333333
540 178 2.33333
541 542 1
543 544 1
545 546 1
547 264 2.5
547 266 0.5
548 547 0.5
548 264 0.5
549 547 0.5
549 264 0.5
550 551 1
552 553 0.5
554 553 0.5
554 552 0.5
555 556 1
557 127 0.333333
558 557 0.333333
558 127 0.333333
559 557 0.333333
559 558 0.333333
559 127 1.83333
560 561 0.583333
560 289 1
562 561 0.583333
562 560 1.58333
563 561 0.333333
563 560 0.333333
563 562 0.333333
564 565 1
566 259 0.333333
566 385 0.333333
566 261 0.333333
567 308 0.5
567 397 0.5
567 43 1
568 569 1
570 571 1
572 573 1
574 258 0.333333
575 258 0.333333
575 574 0.333333
576 258 0.333333
576 574 0.333333
576 575 0.333333
577 41 0.833333
578 577 0.5
578 41 0.5
579 577 0.333333
579 41 0.333333
580 577 0.333333
580 41 0.333333
580 579 0.333333
581 582 1
583 584 1
585 586 0.5
587 586 0.5
587 585 0.5
588 589 1
590 591 1
592 593 0.333333
594 593 0.333333
594 592 0.333333
595 593 0.333333
595 592 0.333333
595 594 0.333333
596 597 0.5
598 597 0.5
598 596 1
598 318 0.2
599 600 1
601 602 0.5
603 602 0.5
603 601 0.5
604 154 0.25
604 298 0.25
604 283 0.75
604 442 0.5
605 604 0.25
605 154 0.25
605 298 0.25
605 283 0.25
606 604 1
607 74 1
608 609 1
610 74 2.5
611 612 1
613 178 0.333333
613 540 0.333333
614 613 0.333333
614 178 0.333333
614 540 0.333333
615 32 0.25
616 615 0.333333
617 615 2.08333
617 616 0.333333
617 32 1.25
617 52 0.333333
617 53 0.333333
618 615 2.08333
618 616 0.333333
618 617 2.08333
618 32 0.25
619 615 0.333333
619 617 0.333333
619 618 0.333333
620 615 0.583333
620 32 0.25
620 617 0.916667
620 618 0.583333
621 622 0.333333
623 622 0.333333
623 621 0.333333
624 622 0.333333
624 621 0.333333
624 623 0.333333
625 626 0.75
627 626 0.25
627 625 0.25
628 626 0.25
628 625 0.25
628 627 0.25
629 626 0.25
629 625 0.25
629 627 0.25
629 628 0.25
630 631 1
632 633 1
634 633 1
635 636 1
637 491 0.5
637 493 0.5
638 422 0.5
639 638 0.5
639 422 0.5
640 625 0.5
640 626 0.5
641 642 0.5
643 642 0.5
643 641 0.5
644 645 0.333333
646 645 0.333333
646 644 0.333333
647 645 0.333333
647 644 0.333333
647 646 0.333333
648 54 1
649 332 1
650 514 0.333333
650 515 0.333333
651 650 0.333333
651 514 0.333333
651 515 0.333333
652 325 1
653 654 0.2
655 654 0.2
655 653 0.2
656 654 0.2
656 653 0.2
656 655 0.2
657 654 1.2
657 653 0.2
657 655 0.2
657 656 0.2
657 207 0.142857
657 324 0.142857
658 654 0.2
658 653 0.2
658 655 0.2
658 656 0.2
658 657 0.2
659 424 1
660 92 0.333333
661 660 0.333333
661 92 0.333333
662 660 0.333333
662 92 0.333333
662 661 0.333333
663 664 0.333333
665 664 0.333333
665 663 0.333333
666 664 0.333333
666 663 0.333333
666 665 0.333333
667 93 0.583333
667 91 0.583333
667 92 0.583333
667 95 0.25
668 93 0.333333
668 67 0.666667
668 68 0.333333
668 69 0.333333
669 93 0.333333
669 668 0.333333
669 67 0.333333
670 85 0.5
670 84 0.5
671 609 0.5
672 671 0.5
672 609 0.5
673 655 0.25
674 655 0.25
674 673 0.25
675 655 0.25
675 673 0.25
675 674 0.25
676 655 0.25
676 673 0.25
676 674 0.25
676 675 0.25
677 678 2
679 632 1
680 681 0.333333
682 681 0.333333
682 680 0.333333
683 681 0.333333
683 680 0.333333
683 682 0.333333
684 127 0.5
684 559 0.5
685 686 1
687 688 0.5
689 688 0.5
689 687 0.5
690 68 0.5
691 690 0.5
691 68 0.5
692 422 0.5
692 69 0.5
693 422 1
694 277 0.9
694 276 1.9
694 500 0.333333
695 694 1.4
695 277 0.9
695 276 1.4
696 694 1.2
696 277 0.7
696 695 0.7
696 276 2.7
697 694 1
698 694 2.33333
698 276 0.333333
698 500 0.333333
699 700 1
701 702 1
703 678 0.5
704 703 0.5
704 678 0.5
705 706 1
707 32 0.5
707 74 0.5
708 707 0.5
708 67 0.75
708 69 0.25
709 707 0.5
709 708 1.25
709 67 0.75
709 69 0.25
710 707 1
710 74 0.5
710 353 0.5
711 707 1.5
711 32 0.5
712 707 1.86667
712 32 0.333333
713 707 0.333333
713 712 0.666667
713 32 0.333333
714 707 0.333333
714 712 0.666667
714 713 0.666667
714 32 0.333333
715 707 0.533333
715 712 0.533333
715 113 0.833333
716 707 0.533333
716 715 0.866667
716 712 0.533333
716 113 0.333333
717 718 0.333333
719 718 0.333333
719 717 0.333333
720 718 0.333333
720 717 0.333333
720 719 0.333333
721 118 0.2
721 119 0.2
722 721 0.2
722 118 0.2
722 119 0.2
723 721 0.2
723 722 0.2
723 118 0.2
723 119 0.2
724 721 0.2
724 722 0.2
724 118 0.2
724 723 0.2
724 119 0.2
725 712 1.33333
725 620 0.333333
725 617 0.333333
726 725 1.33333
726 712 1.53333
726 715 0.2
726 707 0.2
726 716 0.2
727 725 0.333333
727 712 0.333333
727 726 0.333333
728 729 1
730 475 0.5
731 730 0.5
731 475 0.5
732 598 1
733 598 0.5
733 732 0.5
734 735 0.5
736 735 0.5
736 734 0.5
737 328 0.333333
737 204 0.333333
737 493 0.333333
738 569 1
739 738 1
739 569 1
740 626 0.333333
741 740 0.333333
741 626 0.333333
742 740 0.333333
742 626 0.333333
742 741 0.333333
743 61 0.25
744 743 0.25
744 61 0.25
745 743 0.25
745 744 0.25
745 61 0.25
746 743 0.25
746 744 0.25
746 745 0.25
746 61 0.25
747 748 0.2
749 748 0.2
749 747 0.2
750 748 0.2
750 747 0.2
750 749 0.2
751 748 0.2
751 747 0.2
751 749 0.2
751 750 0.2
752 748 0.2
752 747 0.2
752 749 0.2
752 750 0.2
752 751 0.2
753 60 0.92619
753 344 0.2
754 753 0.92619
754 60 1.25952
754 344 0.2
755 753 0.92619
755 754 0.92619
755 60 0.92619
755 344 0.2
756 753 0.25
756 754 0.25
756 755 0.25
756 60 0.25
757 758 1
759 760 1
761 762 0.5
763 762 0.5
763 761 0.5
764 765 1
766 767 1
768 769 0.333333
770 769 0.333333
770 768 0.333333
771 769 0.333333
771 768 0.333333
771 770 0.333333
772 773 0.111111
774 773 0.111111
774 772 0.111111
775 773 0.111111
775 772 0.111111
775 774 0.111111
776 773 0.111111
776 772 0.111111
776 774 0.111111
776 775 0.111111
777 773 0.111111
777 772 0.111111
777 774 0.111111
777 775 0.111111
777 776 0.111111
778 773 0.111111
778 772 0.111111
778 774 0.111111
778 775 0.111111
778 776 0.111111
778 777 0.111111
779 773 0.111111
779 772 0.111111
779 774 0.111111
779 775 0.111111
779 776 0.111111
779 777 0.111111
779 778 0.111111
780 773 0.111111
780 772 0.111111
780 774 0.111111
780 775 0.111111
780 776 0.111111
780 777 0.111111
780 778 0.111111
780 779 0.111111
781 773 0.111111
781 772 0.111111
781 774 0.111111
781 775 0.111111
781 776 0.111111
781 777 0.111111
781 778 0.111111
781 779 0.111111
781 780 0.111111
782 783 0.5
784 783 0.5
784 782 0.5
785 32 0.333333
785 31 0.333333
785 51 0.333333
786 32 0.45
786 29 0.25
786 51 0.45
786 31 0.45
787 788 1.5
789 788 0.5
789 787 0.5
790 791 0.333333
792 791 0.333333
792 790 0.333333
793 791 0.333333
793 790 0.333333
793 792 0.333333
794 795 1
796 797 0.5
798 797 0.5
798 796 0.5
799 610 0.5
799 74 0.5
800 801 0.5
802 801 0.5
802 800 0.5
803 100 1
804 276 0.2
805 804 0.5
806 804 0.5
806 805 0.5
807 617 0.5
808 807 0.5
808 617 0.5
809 617 0.5
809 32 0.5
810 353 0.5
811 810 0.5
811 353 0.5
812 813 0.25
814 813 0.25
814 812 0.25
815 813 0.25
815 812 0.25
815 814 0.25
816 813 0.25
816 812 0.25
816 814 0.25
816 815 0.25
817 818 0.25
819 818 0.25
819 817 0.25
820 818 0.25
820 817 0.25
820 819 0.25
821 818 0.25
821 817 0.25
821 819 0.25
821 820 0.25
822 823 0.5
824 823 0.5
824 822 0.5
825 826 1
827 828 0.5
829 828 0.5
829 827 0.5
830 712 0.2
830 715 0.2
830 707 0.2
830 716 0.2
830 726 0.2
831 615 0.333333
831 617 0.666667
831 618 0.333333
831 52 0.333333
831 53 0.333333
832 384 0.333333
832 29 0.333333
832 308 0.333333
833 834 0.25
835 834 0.25
835 833 0.25
836 834 0.25
836 833 0.25
836 835 0.25
837 834 0.25
837 833 0.25
837 835 0.25
837 836 0.25
838 839 0.5
840 839 0.5
840 838 0.5
841 842 0.5
843 842 0.5
843 841 0.5
844 845 1
846 289 0.25
846 249 0.25
846 250 0.25
846 252 0.25
847 848 0.5
849 848 0.5
849 847 0.5
850 851 0.2
852 851 0.2
852 850 0.342857
853 851 0.2
853 850 0.342857
853 852 0.342857
854 851 0.2
854 850 0.985714
854 852 0.342857
854 853 0.342857
855 851 0.2
855 850 0.2
855 852 0.2
855 853 0.2
855 854 0.2
856 161 1
857 858 1
859 395 1
860 861 0.5
862 861 0.5
862 860 0.5
863 167 1
864 228 1.25
865 866 1
867 694 0.7
867 277 0.4
867 695 0.2
867 276 0.4
868 867 1.9
868 694 0.7
868 277 0.4
868 695 0.2
868 276 0.4
869 867 1
870 52 0.5
870 53 0.5
871 109 0.25
872 871 0.25
872 109 0.25
873 871 0.25
873 872 0.25
873 109 0.25
874 871 0.25
874 872 0.25
874 873 0.25
874 109 0.25
875 457 1
876 877 0.5
878 877 0.5
878 876 0.5
879 246 0.2
879 249 0.2
879 250 0.2
879 252 0.2
880 246 0.2
880 249 0.2
880 250 0.2
880 879 0.2
880 252 0.2
881 0 1
882 883 1
884 885 1
886 887 1.16667
888 887 1.16667
888 886 1.16667
889 887 0.666667
889 888 0.666667
889 886 0.666667
890 183 0.5
891 890 0.5
891 183 1.08333
892 893 0.5
894 893 0.5
894 892 0.5
895 896 0.5
897 896 0.5
897 895 0.5
898 494 0.333333
898 143 0.333333
899 898 0.333333
899 494 0.333333
899 143 0.333333
900 901 0.2
902 901 0.2
902 900 0.2
903 901 0.2
903 900 0.2
903 902 0.2
904 901 0.2
904 900 0.2
904 902 0.2
904 903 0.2
905 901 0.2
905 900 0.2
905 902 0.2
905 903 0.2
905 904 0.2
906 907 1
906 282 1
908 909 0.5
910 909 0.5
910 908 0.5
910 84 1
911 709 0.25
911 708 0.25
911 67 0.25
911 69 0.25
912 913 1
914 915 0.5
916 915 0.5
916 914 0.5
917 918 1
917 451 2.16667
917 452 0.333333
919 918 0.5
919 917 0.833333
919 451 0.333333
920 918 0.5
920 917 0.5
921 922 1
923 906 1
924 84 2
925 926 1
927 928 0.25
929 928 0.25
929 927 0.25
930 928 0.25
930 927 0.25
930 929 0.25
931 928 0.25
931 927 0.25
931 929 0.25
931 930 0.25
932 933 1
932 850 0.142857
932 854 0.142857
932 239 0.5
932 240 0.5
934 906 0.833333
935 934 0.833333
935 906 0.833333
936 934 0.333333
936 935 0.333333
936 906 0.333333
937 74 1
938 939 1
940 48 0.5
940 31 0.5
941 942 1
943 944 1
945 946 1
947 60 1.33333
947 754 0.333333
948 949 1.2
950 118 0.25
950 120 0.75
951 118 0.25
951 120 0.25
951 950 0.25
952 118 0.25
952 120 1.75
952 950 0.75
952 951 0.25
953 50 0.5
954 953 0.5
954 50 0.5
955 285 0.333333
956 955 1
957 698 0.333333
957 276 0.333333
958 957 0.333333
958 698 0.333333
958 276 0.333333
959 525 0.5
959 113 0.5
960 961 1
962 963 1
964 965 1
966 965 0.5
967 965 0.5
967 966 0.5
968 290 0.5
969 968 0.5
969 290 1.5
970 212 0.333333
970 206 0.333333
970 204 0.333333
971 972 0.5
973 972 0.5
973 971 0.5
974 941 1
975 461 1
976 13 0.25
977 976 0.25
977 13 0.25
978 976 0.25
978 977 0.25
978 13 0.25
979 976 0.25
979 977 0.25
979 978 0.25
979 13 0.25
980 981 1
982 983 1
984 983 0.333333
985 983 0.333333
985 984 0.333333
986 983 0.333333
986 984 0.333333
986 985 0.333333
987 988 0.111111
989 988 0.111111
989 987 0.111111
990 988 0.111111
990 987 0.111111
990 989 0.111111
991 988 0.111111
991 987 0.111111
991 989 0.111111
991 990 0.111111
992 988 0.111111
992 987 0.111111
992 989 0.111111
992 990 0.111111
992 991 0.111111
993 988 0.111111
993 987 0.111111
993 989 0.111111
993 990 0.111111
993 991 0.111111
993 992 0.111111
994 988 0.111111
994 987 0.111111
994 989 0.111111
994 990 0.111111
994 991 0.111111
994 992 0.111111
994 993 0.111111
995 988 0.111111
995 987 0.111111
995 989 0.111111
995 990 0.111111
995 991 0.111111
995 992 0.111111
995 993 0.111111
995 994 0.111111
996 988 0.111111
996 987 0.111111
996 989 0.111111
996 990 0.111111
996 991 0.111111
996 992 0.111111
996 993 0.111111
996 994 0.111111
996 995 0.111111
997 754 0.142857
997 753 0.142857
997 755 0.142857
997 60 0.142857
998 754 0.67619
998 753 0.342857
998 755 0.342857
998 997 0.142857
998 60 0.67619
998 344 0.2
998 947 0.333333
999 754 0.142857
999 753 0.142857
999 755 0.142857
999 997 0.142857
999 998 0.142857
999 60 0.142857
1000 754 0.142857
1000 753 0.142857
1000 755 0.142857
1000 997 0.142857
1000 998 0.142857
1000 999 0.142857
1000 60 0.142857
1001 214 1
1002 1003 1
1004 264 2
1005 67 0.5
1006 1005 0.5
1006 67 0.5
1007 1 0.5
1007 0 0.5
1008 493 0.5
1009 493 2.5
1009 1008 0.5
1010 493 1
1010 1009 0.5
1010 143 0.5
1011 493 0.5
1011 1009 0.5
1012 451 0.333333
1012 452 0.333333
1012 917 0.333333
1013 451 0.833333
1013 917 0.833333
1013 919 0.333333
1014 1015 0.333333
1016 1015 0.333333
1016 1014 0.333333
1017 1015 0.333333
1017 1014 0.333333
1017 1016 0.333333
1018 1019 0.5
1020 1019 0.5
1020 1018 0.5
1021 1022 0.5
1023 1022 0.5
1023 1021 0.5
1024 1025 0.125
1026 1025 0.125
1026 1024 0.125
1027 1025 0.125
1027 1024 0.125
1027 1026 0.125
1028 1025 0.125
1028 1024 0.125
1028 1026 0.125
1028 1027 0.125
1029 1025 0.125
1029 1024 0.125
1029 1026 0.125
1029 1027 0.125
1029 1028 0.125
1030 1025 0.125
1030 1024 0.125
1030 1026 0.125
1030 1027 0.125
1030 1028 0.125
1030 1029 0.125
1031 1025 0.125
1031 1024 0.125
1031 1026 0.125
1031 1027 0.125
1031 1028 0.125
1031 1029 0.125
1031 1030 0.125
1032 1025 0.125
1032 1024 0.125
1032 1026 0.125
1032 1027 0.125
1032 1028 0.125
1032 1029 0.125
1032 1030 0.125
1032 1031 0.125
1033 1034 1
1035 1036 0.25
1037 1036 0.25
1037 1035 0.25
1038 1036 0.25
1038 1035 0.25
1038 1037 0.25
1039 1036 0.25
1039 1035 0.25
1039 1037 0.25
1039 1038 0.25
1040 74 0.5
1041 74 0.5
1041 1040 0.5
1042 74 0.5
1042 707 0.5
1043 233 0.333333
1043 395 0.333333
1044 1043 0.333333
1044 233 0.333333
1044 395 0.333333
1045 1046 1
1047 910 1
1048 620 0.333333
1048 725 0.333333
1048 617 0.833333
1048 32 0.5
1049 1050 1
1051 1052 1
1053 891 0.583333
1053 183 0.583333
1054 1053 0.25
1054 891 0.25
1054 183 0.25
1055 1053 0.25
1055 1054 0.25
1055 891 0.25
1055 183 0.25
1056 1053 0.333333
1056 183 0.333333
1056 891 0.333333
1057 1058 1
1059 1060 1
1061 209 0.333333
1061 324 1.47619
1061 207 2.14286
1061 657 0.142857
1062 1063 0.25
1064 1063 0.25
1064 1062 0.25
1065 1063 0.25
1065 1062 0.25
1065 1064 0.25
1066 1063 0.25
1066 1062 0.25
1066 1064 0.25
1066 1065 0.25
1067 1068 0.125
1069 1068 0.125
1069 1067 0.125
1070 1068 0.125
1070 1067 0.125
1070 1069 0.125
1071 1068 0.125
1071 1067 0.125
1071 1069 0.125
1071 1070 0.125
1072 1068 0.125
1072 1067 0.125
1072 1069 0.125
1072 1070 0.125
1072 1071 0.125
1073 1068 0.125
1073 1067 0.125
1073 1069 0.125
1073 1070 0.125
1073 1071 0.125
1073 1072 0.125
1074 1068 0.125
1074 1067 0.125
1074 1069 0.125
1074 1070 0.125
1074 1071 0.125
1074 1072 0.125
1074 1073 0.125
1075 1068 0.125
1075 1067 0.125
1075 1069 0.125
1075 1070 0.125
1075 1071 0.125
1075 1072 0.125
1075 1073 0.125
1075 1074 0.125
1076 107 0.5
1076 175 1.25
1077 107 0.5
1077 1076 0.5
1078 1079 1
1080 242 0.333333
1080 243 0.333333
1081 242 0.333333
1081 243 0.333333
1081 1080 0.333333
1082 1083 1
1084 766 1
1085 74 1
1086 867 0.5
1087 1086 0.5
1087 867 0.5
1088 142 0.5
1088 92 0.5
1089 142 0.833333
1089 264 0.833333
1090 561 0.25
1090 560 0.25
1090 562 0.25
1091 1090 0.25
1091 561 0.25
1091 560 0.25
1091 562 0.25
1092 284 1
1093 1094 0.5
1095 1094 0.5
1095 1093 0.5
1096 308 0.5
1096 310 0.5
1097 51 0.2
1097 32 0.2
1097 786 0.2
1097 31 0.2
1098 1097 0.2
1098 51 0.2
1098 32 0.2
1098 786 0.2
1098 31 0.2
1099 1100 1
1101 74 0.333333
1102 1101 0.333333
1102 74 0.333333
1103 1101 0.333333
1103 1102 0.333333
1103 74 0.333333
1104 1105 0.5
1106 1105 0.5
1106 1104 0.5
1107 850 0.785714
1107 854 1.11905
1107 932 0.142857
1107 852 0.142857
1107 853 0.142857
1108 850 0.142857
1108 854 0.142857
1108 1107 0.142857
1108 932 0.142857
1109 850 0.142857
1109 854 0.142857
1109 1107 0.142857
1109 1108 0.142857
1109 932 0.142857
1110 850 0.142857
1110 854 0.142857
1110 1107 0.142857
1110 1108 0.142857
1110 1109 0.142857
1110 932 0.142857
1111 850 0.142857
1111 854 0.142857
1111 1107 0.142857
1111 1108 0.142857
1111 1109 0.142857
1111 1110 0.142857
1111 932 0.142857
1112 850 0.142857
1112 854 0.142857
1112 1107 0.142857
1112 852 0.142857
1112 853 0.142857
1113 850 0.142857
1113 1112 0.142857
1113 854 0.142857
1113 1107 0.142857
1113 852 0.142857
1113 853 0.142857
1114 850 0.142857
1114 1112 0.142857
1114 854 0.142857
1114 1107 0.142857
1114 852 0.142857
1114 1113 0.142857
1114 853 0.142857
1115 1116 0.333333
1117 1116 0.333333
1117 1115 0.333333
1118 1116 0.333333
1118 1115 0.333333
1118 1117 0.333333
1119 312 0.25
1120 1119 0.25
1120 312 0.25
1121 1119 0.25
1121 312 0.25
1121 1120 0.25
1122 1119 0.25
1122 312 0.25
1122 1120 0.25
1122 1121 0.25
1123 1124 1
1125 479 0.5
1125 142 0.5
1126 1127 0.5
1128 1127 0.5
1128 1126 0.5
1129 1130 1
1131 1130 1
1132 124 0.25
1132 51 0.25
1132 31 0.25
1133 124 0.25
1133 1132 0.25
1133 51 0.25
1133 31 0.25
1134 231 1
1135 1136 1
1137 395 0.5
1138 1137 0.5
1138 395 0.5
1139 460 0.5
1140 1139 0.5
1140 460 0.5
1141 1142 1
1143 521 1
1144 1145 1
1146 1147 1
1148 461 0.25
1149 1148 0.25
1149 461 0.25
1150 1148 0.25
1150 1149 0.25
1150 461 0.25
1151 1148 0.25
1151 1149 0.25
1151 1150 0.25
1151 461 0.25
1152 1153 1
1154 460 0.5
1155 1154 0.5
1155 460 0.5
1156 1157 0.5
1158 1157 1.5
1158 1156 0.5
1159 715 0.833333
1159 716 0.333333
1159 113 0.833333
1160 1107 0.333333
1160 854 0.333333
1161 1107 0.333333
1161 1160 0.333333
1161 854 0.333333
1162 1163 1
1164 1165 0.5
1166 1165 0.5
1166 1164 0.5
1167 357 0.333333
1167 358 0.333333
1167 359 0.333333
1168 1169 0.333333
1170 1169 0.333333
1170 1168 0.333333
1171 1169 0.333333
1171 1168 0.333333
1171 1170 0.333333
1172 814 1
1173 303 0.5
1173 302 0.5
1174 883 0.5
1175 1174 0.5
1175 883 0.5
1176 789 0.75
1177 1176 0.75
1177 789 0.75
1178 1176 0.25
1178 1177 0.25
1178 789 0.25
1179 1176 0.25
1179 1177 0.25
1179 789 0.25
1179 1178 0.25
1180 696 0.7
1180 276 0.7
1180 695 0.2
1180 694 0.2
1180 277 0.2
1181 696 0.333333
1182 696 0.333333
1182 1181 0.333333
1183 696 0.333333
1183 1181 0.333333
1183 1182 0.333333
1184 1061 0.333333
1184 207 0.333333
1185 1184 0.333333
1185 1061 0.333333
1185 207 0.333333
1186 1187 0.25
1188 1187 0.25
1188 1186 0.25
1189 1187 0.25
1189 1186 0.25
1189 1188 0.25
1190 1187 0.25
1190 1186 0.25
1190 1188 0.25
1190 1189 0.25
1191 1192 0.5
1193 1192 0.5
1193 1191 0.5
1194 357 0.25
1194 358 0.25
1194 31 0.25
1194 359 0.25
1195 1196 1
1197 948 0.5
1198 948 0.5
1198 1197 0.5
1199 948 1
1200 948 0.2
1200 949 0.2
1201 948 0.2
1201 1200 0.2
1201 949 0.2
1202 948 0.2
1202 1200 0.2
1202 1201 0.2
1202 949 0.2
1203 948 0.2
1203 1200 0.2
1203 1201 0.2
1203 1202 0.2
1203 949 0.2
1204 1205 1
1206 1207 0.25
1208 1207 0.25
1208 1206 0.25
1209 1207 0.25
1209 1206 0.25
1209 1208 0.25
1209 50 0.25
1210 1207 0.25
1210 1206 0.25
1210 1208 0.25
1210 1209 0.25
1211 839 1
1212 1213 1
1214 501 1
1215 1216 0.5
1217 1216 0.5
1217 1215 0.5
1218 1219 1
1220 1221 1
1222 1223 0.5
1224 1223 0.5
1224 1222 0.5
1225 1226 0.333333
1227 1226 0.333333
1227 1225 0.333333
1228 1226 0.333333
1228 1225 0.333333
1228 1227 0.333333
1229 1230 1
1231 494 1
1232 264 0.333333
1232 142 0.333333
1232 1089 0.333333
1233 264 0.5
1234 264 0.5
1234 1233 0.5
1235 1130 1
1236 679 1
1237 359 0.5
1238 1237 0.5
1238 359 0.5
1239 344 0.25
1240 1239 0.25
1240 344 0.25
1241 1239 0.25
1241 1240 0.25
1241 344 0.25
1242 1239 0.25
1242 1240 0.25
1242 1241 0.25
1242 344 0.25
1243 1244 1
1245 500 0.333333
1245 698 0.333333
1245 694 0.333333
1245 867 1
1246 1245 1
1246 1026 0.333333
1247 1245 1
1247 1246 2.33333
1247 1026 0.333333
1248 1245 1
1249 43 1.33333
1249 408 0.333333
1250 43 0.333333
1250 1249 0.333333
1250 408 0.333333
1251 43 1
1252 1187 0.25
1253 1252 0.25
1253 1187 0.25
1254 1252 0.25
1254 1253 0.25
1254 1187 0.25
1255 1252 0.25
1255 1253 0.25
1255 1254 0.25
1255 1187 0.25
1256 868 0.2
1256 277 0.2
1256 276 0.2
1256 867 0.2
1257 868 0.2
1257 1256 0.2
1257 277 0.2
1257 276 0.2
1257 867 0.2
1258 1259 1
1260 1261 1
1262 1263 0.5
1264 1263 0.5
1264 1262 0.5
1265 1193 0.5
1266 1265 0.5
1266 1193 0.5
1267 499 0.5
1267 73 0.5
1268 183 0.5
1269 1268 0.5
1269 183 0.5
1270 1271 1
1272 311 1.5
1272 521 0.5
1273 1274 0.5
1275 1274 0.5
1275 1273 0.5
1276 1061 0.142857
1276 207 0.142857
1276 324 0.142857
1276 657 0.142857
1277 1276 0.142857
1277 1061 0.142857
1277 207 0.142857
1277 324 0.142857
1277 657 0.142857
1278 1276 0.142857
1278 1061 0.142857
1278 1277 0.142857
1278 207 0.142857
1278 324 0.142857
1278 657 0.142857
1279 1276 0.142857
1279 1061 0.142857
1279 1277 0.142857
1279 207 0.142857
1279 324 0.142857
1279 1278 0.142857
1279 657 0.142857
1280 295 1
1281 1282 0.25
1283 1282 0.25
1283 1281 0.25
1284 1282 0.25
1284 1281 0.25
1284 1283 0.25
1285 1282 0.25
1285 1281 0.25
1285 1283 0.25
1285 1284 0.25
1286 308 0.166667
1286 397 0.166667
1287 1286 0.166667
1287 308 0.166667
1287 397 0.166667
1288 1286 0.166667
1288 1287 0.166667
1288 308 0.166667
1288 397 0.166667
1289 1286 0.166667
1289 1287 0.166667
1289 308 0.166667
1289 1288 0.166667
1289 397 0.166667
1290 1286 0.166667
1290 1287 0.166667
1290 308 0.166667
1290 1288 0.166667
1290 397 0.166667
1290 1289 0.166667
1291 475 0.5
1292 1291 0.5
1292 475 0.5
1293 1246 0.333333
1293 1026 0.333333
1293 1247 0.333333
1294 988 1
1295 175 0.25
1295 1076 0.25
1296 175 0.25
1296 1295 0.25
1296 1076 0.25
1297 175 0.25
1297 1295 0.25
1297 1076 0.25
1297 1296 0.25
1298 285 0.333333
1298 955 0.333333
1299 1298 0.333333
1299 285 0.333333
1299 955 0.333333
1300 865 1
1301 1225 1
1302 1303 0.333333
1304 1303 0.333333
1304 1302 0.333333
1305 1303 0.333333
1305 1302 0.333333
1305 1304 0.333333
1306 9 0.5
1307 1306 0.5
1307 9 1.5
1308 1309 0.5
1310 1309 0.5
1310 1308 0.5
1311 1312 0.0526316
1313 1311 0.385965
1313 1312 0.0526316
1314 1311 0.385965
1314 1312 0.0526316
1314 1313 0.385965
1315 1311 0.0526316
1315 1312 0.0526316
1315 1313 0.0526316
1315 1314 0.0526316
1316 1311 0.0526316
1316 1312 0.0526316
1316 1313 0.0526316
1316 1314 0.0526316
1316 1315 0.0526316
1317 1311 0.0526316
1317 1312 0.0526316
1317 1313 0.0526316
1317 1314 0.0526316
1317 1315 0.0526316
1317 1316 0.0526316
1318 1311 0.0526316
1318 1312 0.0526316
1318 1313 0.0526316
1318 1314 0.0526316
1318 1315 0.0526316
1318 1316 0.0526316
1318 1317 0.0526316
1319 1311 0.0526316
1319 1312 0.0526316
1319 1313 0.0526316
1319 1314 0.0526316
1319 1315 0.0526316
1319 1316 0.0526316
1319 1317 0.0526316
1319 1318 0.0526316
1320 1311 0.0526316
1320 1312 0.0526316
1320 1313 0.0526316
1320 1314 0.0526316
1320 1315 0.0526316
1320 1316 0.0526316
1320 1317 0.0526316
1320 1318 0.0526316
1320 1319 0.0526316
1321 1311 0.0526316
1321 1312 0.0526316
1321 1313 0.0526316
1321 1314 0.0526316
1321 1315 0.0526316
1321 1316 0.0526316
1321 1317 0.0526316
1321 1318 0.0526316
1321 1319 0.0526316
1321 1320 0.0526316
1322 1311 0.0526316
1322 1312 0.0526316
1322 1313 0.0526316
1322 1314 0.0526316
1322 1315 0.0526316
1322 1316 0.0526316
1322 1317 0.0526316
1322 1318 0.0526316
1322 1319 0.0526316
1322 1320 0.0526316
1322 1321 0.0526316
1323 1311 0.0526316
1323 1312 0.0526316
1323 1313 0.0526316
1323 1314 0.0526316
1323 1315 0.0526316
1323 1316 0.0526316
1323 1317 0.0526316
1323 1318 0.0526316
1323 1319 0.0526316
1323 1320 0.0526316
1323 1321 0.0526316
1323 1322 0.0526316
1324 1311 0.0526316
1324 1312 0.0526316
1324 1313 0.0526316
1324 1314 0.0526316
1324 1315 0.0526316
1324 1316 0.0526316
1324 1317 0.0526316
1324 1318 0.0526316
1324 1319 0.0526316
1324 1320 0.0526316
1324 1321 0.0526316
1324 1322 0.0526316
1324 1323 0.0526316
1325 1311 0.0526316
1325 1312 0.0526316
1325 1313 0.0526316
1325 1314 0.0526316
1325 1315 0.0526316
1325 1316 0.0526316
1325 1317 0.0526316
1325 1318 0.0526316
1325 1319 0.0526316
1325 1320 0.0526316
1325 1321 0.0526316
1325 1322 0.0526316
1325 1323 0.0526316
1325 1324 0.0526316
1326 1311 0.0526316
1326 1312 0.0526316
1326 1313 0.0526316
1326 1314 0.0526316
1326 1315 0.0526316
1326 1316 0.0526316
1326 1317 0.0526316
1326 1318 0.0526316
1326 1319 0.0526316
1326 1320 0.0526316
1326 1321 0.0526316
1326 1322 0.0526316
1326 1323 0.0526316
1326 1324 0.0526316
1326 1325 0.0526316
1327 1311 0.0526316
1327 1312 0.0526316
1327 1313 0.0526316
1327 1314 0.0526316
1327 1315 0.0526316
1327 1316 0.0526316
1327 1317 0.0526316
1327 1318 0.0526316
1327 1319 0.0526316
1327 1320 0.0526316
1327 1321 0.0526316
1327 1322 0.0526316
1327 1323 0.0526316
1327 1324 0.0526316
1327 1325 0.0526316
1327 1326 0.0526316
1328 1311 0.0526316
1328 1312 0.0526316
1328 1313 0.0526316
1328 1314 0.0526316
1328 1315 0.0526316
1328 1316 0.0526316
1328 1317 0.0526316
1328 1318 0.0526316
1328 1319 0.0526316
1328 1320 0.0526316
1328 1321 0.0526316
1328 1322 0.0526316
1328 1323 0.0526316
1328 1324 0.0526316
1328 1325 0.0526316
1328 1326 0.0526316
1328 1327 0.0526316
1329 1311 0.0526316
1329 1312 0.0526316
1329 1313 0.0526316
1329 1314 0.0526316
1329 1315 0.0526316
1329 1316 0.0526316
1329 1317 0.0526316
1329 1318 0.0526316
1329 1319 0.0526316
1329 1320 0.0526316
1329 1321 0.0526316
1329 1322 0.0526316
1329 1323 0.0526316
1329 1324 0.0526316
1329 1325 0.0526316
1329 1326 0.0526316
1329 1327 0.0526316
1329 1328 0.0526316
1330 1311 0.0526316
1330 1312 0.0526316
1330 1313 0.0526316
1330 1314 0.0526316
1330 1315 0.0526316
1330 1316 0.0526316
1330 1317 0.0526316
1330 1318 0.0526316
1330 1319 0.0526316
1330 1320 0.0526316
1330 1321 0.0526316
1330 1322 0.0526316
1330 1323 0.0526316
1330 1324 0.0526316
1330 1325 0.0526316
1330 1326 0.0526316
1330 1327 0.0526316
1330 1328 0.0526316
1330 1329 0.0526316
1331 1311 0.333333
1331 1313 0.333333
1331 1314 0.333333
1332 1333 1
1334 266 0.5
1334 264 0.5
1335 204 1
1336 1337 1
1338 679 1
1339 461 1
1340 1341 0.333333
1342 1341 0.333333
1342 1340 0.333333
1343 1341 0.333333
1343 1340 0.333333
1343 1342 0.333333
1344 494 0.333333
1344 118 0.333333
1344 143 0.333333
1345 52 0.5
1345 53 0.5
1346 804 0.2
1346 276 0.2
1347 1346 0.2
1347 804 0.2
1347 276 0.2
1348 1346 0.2
1348 1347 0.2
1348 804 0.2
1348 276 0.2
1349 1346 0.2
1349 1347 0.2
1349 804 0.2
1349 1348 0.2
1349 276 0.2
1350 50 0.25
1350 1209 0.25
1351 50 0.25
1351 1350 0.25
1351 1209 0.25
1352 50 0.25
1352 1350 0.25
1352 1209 0.25
1352 1351 0.25
1353 1354 0.5
1355 1354 0.5
1355 1353 0.5
1356 1357 0.5
1358 1357 0.5
1358 1356 0.5
1359 196 0.5
1360 1359 0.5
1360 196 0.5
1361 1362 1
1363 92 0.5
1364 1363 0.5
1364 92 0.5
1365 1366 0.5
1367 1366 0.5
1367 1365 0.5
1368 1369 1
1370 1059 0.5
1371 1370 0.5
1371 1059 0.5
1372 1373 1
1374 1373 0.25
1375 1374 1
1376 1377 1
1378 282 1
1379 78 1
1380 226 0.25
1381 1380 0.25
1381 226 0.25
1382 1380 0.25
1382 1381 0.25
1382 226 0.25
1383 1380 0.25
1383 1381 0.25
1383 226 0.25
1383 1382 0.25
1384 932 0.5
1385 1384 0.2
1386 1384 0.2
1386 1385 0.2
1387 1384 0.2
1387 1385 0.2
1387 1386 0.2
1388 1384 0.2
1388 1385 0.2
1388 1386 0.2
1388 1387 0.2
1389 1384 0.2
1389 1385 0.2
1389 1386 0.2
1389 1387 0.2
1389 1388 0.2
1390 1391 0.5
1392 1391 0.5
1392 1390 0.5
1393 932 0.5
1393 1384 0.5
1394 1039 0.333333
1395 1039 0.333333
1395 1394 0.333333
1396 1039 0.333333
1396 1394 0.333333
1396 1395 0.333333
1397 228 0.25
1397 864 0.25
1398 1397 0.25
1398 228 0.25
1398 864 0.25
1399 1397 0.25
1399 1398 0.25
1399 228 0.25
1399 864 0.25
1400 1401 1
1402 1403 1
1404 51 0.5
1404 31 0.5
1405 1406 1
1407 9 1
1408 509 0.2
1408 507 0.2
1408 508 0.2
1409 509 0.2
1409 1408 0.2
1409 507 0.2
1409 508 0.2
1410 509 0.2
1410 1408 0.2
1410 1409 0.2
1410 507 0.2
1410 508 0.2
1411 789 1
1412 1413 0.5
1414 1413 0.5
1414 1412 0.5
1415 1374 0.25
1415 1373 0.25
1416 1415 0.25
1416 1374 0.25
1416 1373 0.25
1417 1415 0.25
1417 1416 0.25
1417 1374 0.25
1417 1373 0.25
1418 1419 1
1420 1421 0.333333
1422 1421 0.333333
1422 1420 0.333333
1423 1421 0.333333
1423 1420 0.333333
1423 1422 0.333333
1424 290 1
1425 32 0.833333
1425 31 1.33333
1425 51 0.5
1426 1425 0.333333
1426 32 0.333333
1426 31 0.333333
1427 276 0.333333
1428 276 0.333333
1428 1427 0.333333
1429 276 0.333333
1429 1427 0.333333
1429 1428 0.333333
1430 639 0.333333
1431 1430 0.333333
1431 639 0.333333
1432 1430 0.333333
1432 639 0.333333
1432 1431 0.333333
1433 1061 0.333333
1433 207 0.333333
1434 1433 0.333333
1434 1061 0.333333
1434 207 0.333333
1435 59 0.142857
1435 60 0.142857
1436 1435 0.142857
1436 59 0.142857
1436 60 0.142857
1437 1435 0.142857
1437 1436 0.142857
1437 59 0.142857
1437 60 0.142857
1438 1435 0.142857
1438 1436 0.142857
1438 1437 0.142857
1438 59 0.142857
1438 60 0.142857
1439 1435 0.142857
1439 1436 0.142857
1439 1437 0.142857
1439 1438 0.142857
1439 59 0.142857
1439 60 0.142857
1440 1435 0.142857
1440 1436 0.142857
1440 1437 0.142857
1440 1438 0.142857
1440 1439 0.142857
1440 59 0.142857
1440 60 0.142857
1441 1442 1
1443 318 0.2
1443 598 0.2
1444 318 0.2
1444 598 0.2
1444 1443 0.2
1445 318 0.2
1445 598 0.2
1445 1443 0.2
1445 1444 0.2
1446 318 0.2
1446 598 0.2
1446 1443 0.2
1446 1444 0.2
1446 1445 0.2
1447 598 0.5
1447 732 0.5
1448 1449 0.333333
1450 1449 0.333333
1450 1448 0.333333
1451 1449 0.333333
1451 1448 0.333333
1451 1450 0.333333
1452 598 0.5
1452 596 0.5
1453 1454 1
1455 1456 1
1457 1458 1
1459 1458 1
1460 499 0.5
1460 73 0.5
