1773
0 1 100
0 2 54
0 3 73
0 4 31
0 5 67
0 6 31
0 7 3
0 8 5
0 9 40
0 10 8
0 11 7
0 12 19
0 13 33
0 14 9
0 15 16
0 16 27
0 17 26
0 18 21
0 19 7
0 20 25
0 21 22
0 22 21
0 23 21
0 24 9
0 25 17
0 26 7
0 27 14
0 28 10
0 29 16
0 30 15
0 31 12
0 32 13
0 33 2
0 34 17
0 35 17
0 36 7
0 37 14
0 38 12
0 39 11
0 40 12
0 41 8
0 42 16
0 43 3
0 44 4
0 45 2
0 46 1
0 47 15
0 48 15
0 49 5
0 50 1
0 51 3
0 52 14
0 53 1
0 54 1
0 55 2
0 56 2
0 57 2
0 58 4
0 59 1
0 60 6
0 61 3
0 62 1
0 63 5
0 64 6
0 65 11
0 66 1
0 67 1
0 68 1
0 69 3
0 70 4
0 71 3
0 72 7
0 73 1
0 74 9
0 75 1
0 76 1
0 77 2
0 78 4
0 79 9
0 80 2
0 81 2
0 82 3
0 83 4
0 84 2
0 85 3
0 86 8
0 87 2
0 88 1
0 89 5
0 90 3
0 91 2
0 92 8
0 93 8
0 94 1
0 95 3
0 96 2
0 97 2
0 98 2
0 99 6
0 100 2
0 101 6
0 102 1
0 103 6
0 104 2
0 105 7
0 106 6
0 107 2
0 108 1
0 109 3
0 110 1
0 111 1
0 112 3
0 113 1
0 114 1
0 115 2
0 116 4
0 117 1
0 118 2
0 119 2
0 120 1
0 121 4
0 122 1
0 123 1
0 124 6
0 125 5
0 126 5
0 127 3
0 128 1
0 129 5
0 130 4
0 131 4
0 132 4
0 133 1
0 134 2
0 135 6
0 136 1
0 137 2
0 138 3
0 139 6
0 140 1
0 141 3
0 142 1
0 143 1
0 144 5
0 145 5
0 146 1
0 147 1
0 148 1
0 149 2
0 150 2
0 151 1
0 152 1
0 153 5
0 154 1
0 155 5
0 156 3
0 157 1
0 158 5
0 159 3
0 160 1
0 161 1
0 162 1
0 163 1
0 164 1
0 165 2
0 166 3
0 167 1
0 168 1
0 169 1
0 170 3
0 171 4
0 172 4
0 173 1
0 174 2
0 175 3
0 176 1
0 177 1
0 178 2
0 179 1
0 180 4
0 181 1
0 182 1
0 183 3
0 184 2
0 185 1
0 186 1
0 187 1
0 188 1
0 189 3
0 190 1
0 191 3
0 192 1
0 193 4
0 194 4
0 195 4
0 196 1
0 197 4
0 198 1
0 199 2
0 200 4
0 201 1
0 202 3
0 203 3
0 204 3
0 205 1
0 206 1
0 207 3
0 208 3
0 209 1
0 210 1
0 211 3
0 212 3
0 213 1
0 214 1
0 215 1
0 216 3
0 217 1
0 218 1
0 219 3
0 220 2
0 221 3
0 222 1
0 223 2
0 224 1
0 225 2
0 226 1
0 227 1
0 228 1
0 229 3
0 230 1
0 231 1
0 232 1
0 233 2
0 234 1
0 235 1
0 236 2
0 237 1
0 238 2
0 239 1
0 240 1
0 241 2
0 242 1
0 243 1
0 244 2
0 245 1
0 246 1
0 247 2
0 248 2
0 249 1
0 250 1
0 251 2
0 252 2
0 253 1
0 254 1
0 255 2
0 256 1
0 257 1
0 258 1
0 259 1
0 260 1
0 261 1
0 262 2
0 263 2
0 264 2
0 265 1
0 266 1
0 267 1
0 268 1
0 269 2
0 270 2
0 271 1
0 272 1
0 273 2
0 274 2
0 275 1
0 276 1
0 277 2
0 278 2
0 279 1
0 280 1
0 281 1
0 282 1
0 283 2
0 284 2
0 285 1
0 286 2
0 287 1
0 288 2
0 289 1
0 290 1
0 291 1
0 292 2
0 293 1
0 294 1
0 295 1
0 296 2
0 297 1
0 298 1
0 299 1
0 300 1
0 301 1
0 302 2
0 303 2
0 304 1
0 305 1
0 306 1
0 307 1
0 308 2
0 309 1
0 310 1
0 311 1
0 312 1
0 313 1
0 314 1
0 315 1
0 316 1
0 317 1
0 318 1
0 319 1
0 320 1
0 321 1
0 322 1
0 323 1
0 324 1
0 325 1
0 326 1
0 327 1
0 328 1
0 329 1
0 330 1
0 331 1
0 332 1
0 333 1
0 334 1
0 335 1
0 336 1
0 337 1
0 338 1
0 339 1
0 340 1
0 341 1
0 342 1
0 343 1
0 344 1
0 345 1
0 346 1
0 347 1
0 348 1
0 349 1
0 350 1
0 351 1
0 352 1
0 353 1
0 354 1
0 355 1
0 356 1
0 357 1
0 358 1
0 359 1
0 360 1
0 361 1
0 362 1
0 363 1
0 364 1
1 2 78
1 3 27
1 4 4
1 5 4
1 6 3
1 9 6
1 10 1
1 11 1
1 12 4
1 13 12
1 14 32
1 15 1
1 16 4
1 17 5
1 18 26
1 20 6
1 21 7
1 22 14
1 23 4
1 24 3
1 25 20
1 26 2
1 27 12
1 30 18
1 31 4
1 32 3
1 33 17
1 34 5
1 35 3
1 36 1
1 37 4
1 38 17
1 39 9
1 40 16
1 41 15
1 42 12
1 47 5
1 48 1
1 52 11
1 53 1
1 54 13
1 58 12
1 61 12
1 365 3
1 62 3
1 65 2
1 66 1
1 67 1
1 70 1
1 71 10
1 74 8
1 76 2
1 77 1
1 78 3
1 79 7
1 80 3
1 81 3
1 84 2
1 85 6
1 86 4
1 87 3
1 88 4
1 366 2
1 367 2
1 89 8
1 92 2
1 93 7
1 95 1
1 96 1
1 97 5
1 98 6
1 99 4
1 101 6
1 102 5
1 105 7
1 106 7
1 109 7
1 111 1
1 115 3
1 368 4
1 116 7
1 117 1
1 123 2
1 369 2
1 124 6
1 125 2
1 126 2
1 129 2
1 130 4
1 131 2
1 370 2
1 134 6
1 371 5
1 372 5
1 137 3
1 138 1
1 373 1
1 374 2
1 375 1
1 376 2
1 377 6
1 140 2
1 141 2
1 143 1
1 378 1
1 148 1
1 379 3
1 151 2
1 152 2
1 153 1
1 155 1
1 157 2
1 158 1
1 159 1
1 380 5
1 161 3
1 164 1
1 381 1
1 382 5
1 168 1
1 170 3
1 171 5
1 172 3
1 173 1
1 174 3
1 175 3
1 176 2
1 177 1
1 383 2
1 180 2
1 181 1
1 182 2
1 384 3
1 385 2
1 187 1
1 386 1
1 387 3
1 388 4
1 191 2
1 195 1
1 389 1
1 198 1
1 390 2
1 199 2
1 200 1
1 391 3
1 392 1
1 203 3
1 393 3
1 394 1
1 207 3
1 208 2
1 395 1
1 209 1
1 211 1
1 396 2
1 397 1
1 398 1
1 221 1
1 224 3
1 229 1
1 399 1
1 231 1
1 233 1
1 235 1
1 239 1
1 400 1
1 401 2
1 243 1
1 244 2
1 402 1
1 403 1
1 250 1
1 404 2
1 251 1
1 252 1
1 405 1
1 253 1
1 406 1
1 254 1
1 407 1
1 255 2
1 408 1
1 257 1
1 259 1
1 409 2
1 264 2
1 410 1
1 267 1
1 411 1
1 412 1
1 413 1
1 273 1
1 414 1
1 277 1
1 279 2
1 415 1
1 416 1
1 417 1
1 418 1
1 419 1
1 420 1
1 292 1
1 421 2
1 422 1
1 423 1
1 424 2
1 306 1
1 425 2
1 310 1
1 426 1
1 427 1
1 428 1
1 429 1
1 312 1
1 430 1
1 431 1
1 432 1
1 433 1
1 434 1
1 317 1
1 320 1
1 321 1
1 435 1
1 436 1
1 437 1
1 438 1
1 439 1
1 440 1
1 329 1
1 441 1
1 442 1
1 338 1
1 339 1
1 340 1
1 342 1
1 443 1
1 444 1
1 445 1
1 346 1
1 446 1
1 447 1
1 448 1
1 449 1
1 450 1
1 451 1
1 452 1
1 453 1
1 454 1
1 357 1
1 455 1
1 456 1
1 457 1
2 3 30
2 4 1
2 5 2
2 8 2
2 9 8
2 12 3
2 13 2
2 14 17
2 15 2
2 17 1
2 18 14
2 20 1
2 21 18
2 22 5
2 23 4
2 24 4
2 25 6
2 27 7
2 30 7
2 31 1
2 33 6
2 34 2
2 35 6
2 39 6
2 40 4
2 458 2
2 41 16
2 459 3
2 42 2
2 47 4
2 48 1
2 52 2
2 53 1
2 54 4
2 57 1
2 58 5
2 59 1
2 60 1
2 61 9
2 365 1
2 64 1
2 65 1
2 71 4
2 72 1
2 74 9
2 76 5
2 78 9
2 80 1
2 81 1
2 84 3
2 86 4
2 87 2
2 88 3
2 92 1
2 93 1
2 95 1
2 96 2
2 97 1
2 98 1
2 101 6
2 102 3
2 104 1
2 105 1
2 106 5
2 460 4
2 108 1
2 112 1
2 116 2
2 122 1
2 124 3
2 125 2
2 126 2
2 461 1
2 462 1
2 132 1
2 370 2
2 133 1
2 134 3
2 463 1
2 143 1
2 147 1
2 148 1
2 379 1
2 155 1
2 157 2
2 158 2
2 159 5
2 160 2
2 380 3
2 161 4
2 164 2
2 464 2
2 172 2
2 174 2
2 176 1
2 383 2
2 180 1
2 181 2
2 465 1
2 466 3
2 182 1
2 467 1
2 384 2
2 468 1
2 387 2
2 194 1
2 389 1
2 390 1
2 200 1
2 469 1
2 470 1
2 471 1
2 472 2
2 473 2
2 203 2
2 474 2
2 393 1
2 475 3
2 207 2
2 208 3
2 209 2
2 476 1
2 213 1
2 214 1
2 477 1
2 397 1
2 478 1
2 226 3
2 232 1
2 479 1
2 233 1
2 234 1
2 239 1
2 400 2
2 401 2
2 243 1
2 480 1
2 481 2
2 254 1
2 482 1
2 255 1
2 256 1
2 483 2
2 269 1
2 484 1
2 275 2
2 276 1
2 485 1
2 277 1
2 279 2
2 282 1
2 420 2
2 294 1
2 486 1
2 421 1
2 298 1
2 299 1
2 487 1
2 488 1
2 304 1
2 489 1
2 310 1
2 490 1
2 312 1
2 491 1
2 492 1
2 493 1
2 494 1
2 495 1
2 496 1
2 435 1
2 497 1
2 436 1
2 498 1
2 499 1
2 500 1
2 501 1
2 502 1
2 503 1
2 504 1
2 505 1
2 506 1
2 507 1
2 350 1
2 508 1
2 509 1
2 450 1
2 510 1
2 511 1
2 512 1
2 513 1
2 514 1
2 515 1
2 355 1
2 356 1
2 516 1
2 517 1
2 518 1
2 519 1
2 520 1
3 4 67
3 5 1
3 6 1
3 7 5
3 8 5
3 9 3
3 10 3
3 11 1
3 12 2
3 13 3
3 14 1
3 15 4
3 16 24
3 17 3
3 18 3
3 19 17
3 21 23
3 23 5
3 24 21
3 25 1
3 26 20
3 27 2
3 28 2
3 29 2
3 30 5
3 31 2
3 32 1
3 34 1
3 35 11
3 36 5
3 38 4
3 39 16
3 40 1
3 41 4
3 45 5
3 48 5
3 51 14
3 53 1
3 54 1
3 55 2
3 56 5
3 57 6
3 58 1
3 59 5
3 63 1
3 64 1
3 65 2
3 68 1
3 72 10
3 74 5
3 77 3
3 78 2
3 521 1
3 85 2
3 86 2
3 89 1
3 93 1
3 94 8
3 95 7
3 96 8
3 99 1
3 522 1
3 100 1
3 523 7
3 524 7
3 101 5
3 102 3
3 104 7
3 460 1
3 107 6
3 111 6
3 112 7
3 116 2
3 117 7
3 119 2
3 122 4
3 525 2
3 123 6
3 128 1
3 129 1
3 370 4
3 133 2
3 371 1
3 137 2
3 526 1
3 527 6
3 528 6
3 373 4
3 529 1
3 141 3
3 142 1
3 143 5
3 378 2
3 147 3
3 149 2
3 530 1
3 379 1
3 153 1
3 157 2
3 158 2
3 531 4
3 160 4
3 532 2
3 533 4
3 534 2
3 464 2
3 535 1
3 170 1
3 171 3
3 172 1
3 536 3
3 181 3
3 537 4
3 183 1
3 467 4
3 468 4
3 185 1
3 538 1
3 386 1
3 387 2
3 539 4
3 198 2
3 390 3
3 200 3
3 391 1
3 540 1
3 541 1
3 542 1
3 543 1
3 210 2
3 476 1
3 544 1
3 215 2
3 545 2
3 396 3
3 398 2
3 546 2
3 227 1
3 229 1
3 399 2
3 547 2
3 548 1
3 236 1
3 237 1
3 238 1
3 549 2
3 550 2
3 551 1
3 246 1
3 552 2
3 553 1
3 554 2
3 408 1
3 555 1
3 556 1
3 265 1
3 269 2
3 411 1
3 413 2
3 557 2
3 278 2
3 558 1
3 559 1
3 282 2
3 419 1
3 560 1
3 294 1
3 296 1
3 561 1
3 421 1
3 297 1
3 299 1
3 423 2
3 304 2
3 562 1
3 563 1
3 306 1
3 308 1
3 564 1
3 426 1
3 429 1
3 565 1
3 566 1
3 567 1
3 568 1
3 432 1
3 433 1
3 569 1
3 570 1
3 314 1
3 497 1
3 571 1
3 572 1
3 323 1
3 573 1
3 574 1
3 575 1
3 325 1
3 576 1
3 577 1
3 499 1
3 578 1
3 579 1
3 580 1
3 581 1
3 582 1
3 583 1
3 584 1
3 346 1
3 585 1
3 447 1
3 449 1
3 586 1
3 587 1
3 359 1
3 588 1
3 589 1
3 590 1
4 9 2
4 16 25
4 17 1
4 18 9
4 19 25
4 22 1
4 23 3
4 24 2
4 26 12
4 27 1
4 32 1
4 34 1
4 35 1
4 39 3
4 458 1
4 45 2
4 48 14
4 51 7
4 59 2
4 64 9
4 65 1
4 77 8
4 86 1
4 93 1
4 95 2
4 104 1
4 460 1
4 107 7
4 109 1
4 111 7
4 117 3
4 123 2
4 130 1
4 137 1
4 526 6
4 527 1
4 528 2
4 529 1
4 379 1
4 591 5
4 153 2
4 155 1
4 158 1
4 166 3
4 171 4
4 536 4
4 180 4
4 537 2
4 465 1
4 466 4
4 183 1
4 467 1
4 538 1
4 196 1
4 592 1
4 198 1
4 390 1
4 540 3
4 593 1
4 542 3
4 543 3
4 210 2
4 215 3
4 396 2
4 218 3
4 220 3
4 546 3
4 227 1
4 399 1
4 236 1
4 237 1
4 549 2
4 594 1
4 552 2
4 480 1
4 595 1
4 248 1
4 596 1
4 556 1
4 265 1
4 269 1
4 560 2
4 597 1
4 299 2
4 598 1
4 599 1
4 562 1
4 600 1
4 309 1
4 601 1
4 321 1
4 574 1
4 602 1
4 603 1
4 351 1
4 604 1
4 605 1
4 606 1
4 607 1
5 6 66
5 8 5
5 9 22
5 10 4
5 11 5
5 12 6
5 14 1
5 15 25
5 17 4
5 20 13
5 21 1
5 23 10
5 608 3
5 27 5
5 29 14
5 31 4
5 32 3
5 34 7
5 36 6
5 37 6
5 39 1
5 43 2
5 44 3
5 46 3
5 609 2
5 48 1
5 49 8
5 55 3
5 57 2
5 60 8
5 63 1
5 65 2
5 68 1
5 69 3
5 70 3
5 92 1
5 93 2
5 99 5
5 522 1
5 100 1
5 103 7
5 110 1
5 610 1
5 113 3
5 114 3
5 115 1
5 368 1
5 130 2
5 135 2
5 611 1
5 612 4
5 144 4
5 145 4
5 150 2
5 151 3
5 152 2
5 158 1
5 163 5
5 381 1
5 535 1
5 169 4
5 180 1
5 182 4
5 183 2
5 385 1
5 538 2
5 205 3
5 613 3
5 614 1
5 220 3
5 227 1
5 229 2
5 548 2
5 249 2
5 250 1
5 272 1
5 615 2
5 616 1
5 288 1
5 617 1
5 302 2
5 618 1
5 619 1
5 317 1
5 320 1
5 321 1
5 620 1
5 621 1
5 335 1
5 622 1
5 343 1
5 623 1
5 624 1
6 9 14
6 12 1
6 15 16
6 17 7
6 18 2
6 20 1
6 25 1
6 29 19
6 39 1
6 48 2
6 55 10
6 63 7
6 69 9
6 70 9
6 93 1
6 96 1
6 99 3
6 522 2
6 103 2
6 460 1
6 113 1
6 114 1
6 126 1
6 130 3
6 135 1
6 371 1
6 612 4
6 163 1
6 381 1
6 535 2
6 169 5
6 182 2
6 538 1
6 196 1
6 205 2
6 208 1
6 625 2
6 220 1
6 248 1
6 406 1
6 262 1
6 615 2
6 288 2
6 293 1
6 617 1
6 619 1
6 626 1
6 627 1
6 452 1
6 453 1
7 8 52
7 10 3
7 12 1
7 14 1
7 17 8
7 608 6
7 628 2
7 31 2
7 629 2
7 458 2
7 459 16
7 100 2
7 460 1
7 611 1
7 142 2
7 630 5
7 154 2
7 631 1
7 632 1
7 469 1
7 470 1
7 633 1
7 634 1
7 635 3
7 636 1
7 271 1
7 637 1
7 638 2
7 639 1
7 640 1
7 641 1
7 642 1
7 325 1
7 643 1
7 644 1
7 645 1
7 646 1
7 647 1
7 648 1
7 649 1
7 650 1
7 651 1
7 652 1
7 653 1
7 654 1
7 655 1
7 656 1
8 10 3
8 11 1
8 12 1
8 17 9
8 23 3
8 608 20
8 628 11
8 31 4
8 629 5
8 458 9
8 459 15
8 53 14
8 100 8
8 460 4
8 657 2
8 658 1
8 659 1
8 660 1
8 611 5
8 661 1
8 142 4
8 630 4
8 154 5
8 662 3
8 465 1
8 196 2
8 592 1
8 631 1
8 632 1
8 469 1
8 470 1
8 613 3
8 634 1
8 635 3
8 663 1
8 664 2
8 665 1
8 666 1
8 596 1
8 667 1
8 271 2
8 272 1
8 668 1
8 669 1
8 638 2
8 486 2
8 639 1
8 640 1
8 670 1
8 642 1
8 325 1
8 671 1
8 672 1
8 645 1
8 646 1
8 647 1
8 648 1
8 649 1
8 651 1
8 652 1
8 655 1
8 673 1
8 656 1
9 10 1
9 11 2
9 12 13
9 13 3
9 14 3
9 15 28
9 16 3
9 17 2
9 18 1
9 20 1
9 21 9
9 22 1
9 23 2
9 24 1
9 25 2
9 27 2
9 28 2
9 31 18
9 32 1
9 33 1
9 34 1
9 35 3
9 37 2
9 39 1
9 43 1
9 44 2
9 609 1
9 47 7
9 48 1
9 50 1
9 54 3
9 61 4
9 71 4
9 74 1
9 81 1
9 82 2
9 366 1
9 89 1
9 90 1
9 92 2
9 93 2
9 99 1
9 103 4
9 106 2
9 109 1
9 121 1
9 127 2
9 461 1
9 462 1
9 674 1
9 130 2
9 135 1
9 136 1
9 138 1
9 463 2
9 141 3
9 612 1
9 144 1
9 145 4
9 146 1
9 675 1
9 156 1
9 163 2
9 169 2
9 180 2
9 183 1
9 184 1
9 385 1
9 196 2
9 201 1
9 392 1
9 203 1
9 676 2
9 677 2
9 209 1
9 398 3
9 220 1
9 223 2
9 227 3
9 230 1
9 678 1
9 679 1
9 231 1
9 232 3
9 680 3
9 242 1
9 246 1
9 595 2
9 482 1
9 408 1
9 483 2
9 596 1
9 615 1
9 681 1
9 682 1
9 683 1
9 684 2
9 288 1
9 295 1
9 302 1
9 685 2
9 686 2
9 687 1
9 564 1
9 688 1
9 689 1
9 690 1
9 691 1
9 321 1
9 692 1
9 693 1
9 341 1
9 694 1
9 695 1
9 696 1
10 11 34
10 12 25
10 14 1
10 16 1
10 17 2
10 20 1
10 31 1
10 39 3
10 47 1
10 50 2
10 66 1
10 67 3
10 697 9
10 86 1
10 92 4
10 698 3
10 120 1
10 129 1
10 674 1
10 699 1
10 135 1
10 145 1
10 154 1
10 464 1
10 700 2
10 701 1
10 467 1
10 702 2
10 703 2
10 704 1
10 705 2
10 227 1
10 228 1
10 706 2
10 707 1
10 708 3
10 709 3
10 710 3
10 711 1
10 712 1
10 713 1
10 714 1
10 715 1
10 418 1
10 305 2
10 716 1
10 717 1
11 12 34
11 13 1
11 16 2
11 17 1
11 31 1
11 39 1
11 47 1
11 50 10
11 66 1
11 67 2
11 697 2
11 92 2
11 698 6
11 129 1
11 138 1
11 154 1
11 700 2
11 705 2
11 706 1
11 708 1
11 709 1
11 710 1
11 718 1
11 305 1
11 716 1
11 717 1
12 15 2
12 17 3
12 18 3
12 22 2
12 25 1
12 29 1
12 31 13
12 34 1
12 36 1
12 37 2
12 39 1
12 50 14
12 66 11
12 75 9
12 78 2
12 83 1
12 86 2
12 92 5
12 93 1
12 99 2
12 698 7
12 108 1
12 109 4
12 110 5
12 121 4
12 719 6
12 129 1
12 136 1
12 138 2
12 140 1
12 142 1
12 146 3
12 154 1
12 155 2
12 170 1
12 700 1
12 720 1
12 190 4
12 721 4
12 212 1
12 705 1
12 722 1
12 706 1
12 708 1
12 240 1
12 305 1
12 723 1
12 724 1
12 316 1
12 331 1
12 725 1
12 726 1
12 727 1
12 717 1
13 17 19
13 21 7
13 22 3
13 25 2
13 28 19
13 38 1
13 40 3
13 41 1
13 52 4
13 64 1
13 65 1
13 70 1
13 74 3
13 79 3
13 89 2
13 101 1
13 102 1
13 104 1
13 105 3
13 121 1
13 124 1
13 134 2
13 150 2
13 155 5
13 157 5
13 167 5
13 387 1
13 200 1
13 397 1
13 235 1
13 244 2
13 483 1
13 279 1
13 287 1
13 299 1
13 423 1
13 728 1
13 729 1
13 497 1
13 730 1
13 731 1
13 732 1
13 360 1
14 22 1
14 27 1
14 33 15
14 34 1
14 41 1
14 42 1
14 47 4
14 54 4
14 60 1
14 61 8
14 733 2
14 734 2
14 365 6
14 62 6
14 67 2
14 71 3
14 73 1
14 76 9
14 735 2
14 78 1
14 80 1
14 81 2
14 87 1
14 366 1
14 93 1
14 369 1
14 370 1
14 375 1
14 376 2
14 141 5
14 378 3
14 380 4
14 161 1
14 168 3
14 384 4
14 186 1
14 187 2
14 389 1
14 736 1
14 398 2
14 226 1
14 229 1
14 232 1
14 234 1
14 403 1
14 737 1
14 404 2
14 254 1
14 738 2
14 414 1
14 739 1
14 740 1
14 487 1
14 741 1
14 742 1
14 743 1
14 744 1
14 745 1
14 441 1
14 501 1
14 746 1
14 747 1
14 348 1
14 511 1
14 748 1
14 749 1
15 16 1
15 21 4
15 24 1
15 31 13
15 61 1
15 86 1
15 92 4
15 674 1
15 699 1
15 145 1
15 675 1
15 676 1
15 677 1
15 220 3
15 679 1
15 231 1
15 246 1
15 267 2
15 684 2
15 750 1
15 751 1
15 752 1
15 753 1
15 754 1
15 755 1
15 756 1
15 757 1
16 18 1
16 19 5
16 21 1
16 22 1
16 23 1
16 25 2
16 27 1
16 32 1
16 34 4
16 35 7
16 38 1
16 48 4
16 50 1
16 61 1
16 70 1
16 79 1
16 86 1
16 93 1
16 95 8
16 523 1
16 698 1
16 107 1
16 111 1
16 120 1
16 123 3
16 370 1
16 137 1
16 141 1
16 591 2
16 153 2
16 158 1
16 166 5
16 167 1
16 170 1
16 175 1
16 180 1
16 183 3
16 468 1
16 191 4
16 593 1
16 204 2
16 758 1
16 211 1
16 217 1
16 220 2
16 223 3
16 546 1
16 547 3
16 231 1
16 759 3
16 234 1
16 710 1
16 760 2
16 242 1
16 243 2
16 551 1
16 254 1
16 259 2
16 412 1
16 557 1
16 761 2
16 762 1
16 295 2
16 763 1
16 296 1
16 297 1
16 299 1
16 422 1
16 764 2
16 309 1
16 765 1
16 315 1
16 766 1
16 437 1
16 574 1
16 767 1
16 768 1
16 329 1
16 692 1
16 693 1
16 340 1
16 769 1
16 344 1
16 347 1
16 770 1
16 771 1
16 772 1
16 773 1
16 454 1
16 774 1
16 775 1
16 456 1
17 19 1
17 21 1
17 22 2
17 27 3
17 28 12
17 29 1
17 458 1
17 65 1
17 79 2
17 86 1
17 103 1
17 105 2
17 110 1
17 120 1
17 461 1
17 462 1
17 130 1
17 153 1
17 155 2
17 159 1
17 167 1
17 171 1
17 537 1
17 680 1
17 406 1
17 286 1
17 428 1
17 435 1
17 332 1
17 341 1
18 19 3
18 21 3
18 23 3
18 24 1
18 25 8
18 26 2
18 27 4
18 29 1
18 31 8
18 32 2
18 35 1
18 36 1
18 38 4
18 39 1
18 48 1
18 56 1
18 61 5
18 63 1
18 64 11
18 65 2
18 68 1
18 74 4
18 75 2
18 79 1
18 89 1
18 99 2
18 108 1
18 109 4
18 111 1
18 369 1
18 130 3
18 131 2
18 134 1
18 137 1
18 526 2
18 140 3
18 379 5
18 153 1
18 155 2
18 158 1
18 161 2
18 170 1
18 171 2
18 174 1
18 383 1
18 183 1
18 187 2
18 387 1
18 198 1
18 390 1
18 776 3
18 777 3
18 778 1
18 779 1
18 393 1
18 780 3
18 218 3
18 220 1
18 781 1
18 235 1
18 236 2
18 237 1
18 239 1
18 480 2
18 248 1
18 782 1
18 279 1
18 783 1
18 597 1
18 599 1
18 784 2
18 488 1
18 785 2
18 425 1
18 786 1
18 787 1
18 788 1
18 789 1
18 790 1
18 791 1
18 493 1
18 314 1
18 792 1
18 317 1
18 793 1
18 436 1
18 794 1
18 324 1
18 498 1
18 795 1
18 796 1
18 797 1
18 798 1
18 799 1
18 800 1
18 801 1
18 604 1
18 802 1
18 803 1
18 804 1
18 805 1
19 21 1
19 26 1
19 27 1
19 31 1
19 51 1
19 62 1
19 64 2
19 65 1
19 67 1
19 72 1
19 521 1
19 366 1
19 367 1
19 96 1
19 107 1
19 117 1
19 369 1
19 130 1
19 137 1
19 526 1
19 373 1
19 529 1
19 675 1
19 150 1
19 591 2
19 155 1
19 174 1
19 536 3
19 387 1
19 544 3
19 397 1
19 218 2
19 220 2
19 546 1
19 806 1
19 548 1
19 552 1
19 480 1
19 737 1
19 807 1
19 808 1
19 809 1
19 810 1
19 811 1
19 304 1
19 812 1
19 813 1
19 814 1
19 767 1
19 768 1
19 815 1
19 816 1
19 351 1
19 817 1
19 818 1
19 590 1
20 23 4
20 25 1
20 27 2
20 29 2
20 31 2
20 39 2
20 46 1
20 49 14
20 60 6
20 86 1
20 113 1
20 115 5
20 368 5
20 121 1
20 126 4
20 130 2
20 132 6
20 138 1
20 148 3
20 379 1
20 155 2
20 158 5
20 159 1
20 173 1
20 180 4
20 182 1
20 183 2
20 194 2
20 195 3
20 203 1
20 208 2
20 228 1
20 231 1
20 233 2
20 247 1
20 819 1
20 267 2
20 280 1
20 281 1
20 741 2
20 305 1
20 336 1
20 340 1
20 820 1
20 357 1
21 24 3
21 28 5
21 30 1
21 34 1
21 35 1
21 38 1
21 45 1
21 53 1
21 56 3
21 57 4
21 65 1
21 74 7
21 78 2
21 86 1
21 366 1
21 89 1
21 93 1
21 96 4
21 104 7
21 112 1
21 117 3
21 131 1
21 370 6
21 373 6
21 141 2
21 147 1
21 149 5
21 675 1
21 150 1
21 151 1
21 152 1
21 591 1
21 158 2
21 533 4
21 167 1
21 464 1
21 182 1
21 390 1
21 821 1
21 203 1
21 209 1
21 545 3
21 477 3
21 679 1
21 234 1
21 246 2
21 553 1
21 554 1
21 822 2
21 483 2
21 413 1
21 275 2
21 276 1
21 277 1
21 487 1
21 823 2
21 824 2
21 310 1
21 435 1
21 825 1
21 731 1
21 826 1
21 585 1
21 508 1
21 827 1
21 828 1
21 358 1
21 829 1
21 589 1
22 25 1
22 30 2
22 32 1
22 38 1
22 40 1
22 41 2
22 42 5
22 47 3
22 50 1
22 52 4
22 53 1
22 71 1
22 78 1
22 86 1
22 89 4
22 97 1
22 98 2
22 101 2
22 102 1
22 105 3
22 106 2
22 460 2
22 116 1
22 129 2
22 134 1
22 137 2
22 141 2
22 153 2
22 155 1
22 172 1
22 175 1
22 186 2
22 191 1
22 200 2
22 202 1
22 830 1
22 219 1
22 221 1
22 223 1
22 831 1
22 401 1
22 246 1
22 252 2
22 409 2
22 417 2
22 284 1
22 832 1
22 299 1
22 425 1
22 833 1
22 834 1
22 724 1
22 835 1
22 339 1
22 348 1
22 352 1
23 25 2
23 26 1
23 27 4
23 29 3
23 31 2
23 32 4
23 34 6
23 35 2
23 36 4
23 37 5
23 458 3
23 43 3
23 44 3
23 46 5
23 609 1
23 53 5
23 60 12
23 65 1
23 72 1
23 90 3
23 91 2
23 92 4
23 99 1
23 460 1
23 108 2
23 109 1
23 110 1
23 130 1
23 131 1
23 370 1
23 138 1
23 139 2
23 140 1
23 145 1
23 155 1
23 156 1
23 180 2
23 181 1
23 836 1
23 467 1
23 184 1
23 198 2
23 390 2
23 837 1
23 203 2
23 474 1
23 204 1
23 210 3
23 211 1
23 220 1
23 399 1
23 838 2
23 839 1
23 256 1
23 840 1
23 681 1
23 841 1
23 842 1
23 281 1
23 843 1
23 302 1
23 562 1
23 563 1
23 844 1
23 845 1
23 317 1
23 846 1
23 847 1
23 333 1
23 335 1
23 848 1
23 849 1
23 850 1
23 851 1
23 852 1
23 359 1
23 518 1
24 25 1
24 26 10
24 35 5
24 39 3
24 45 15
24 48 1
24 56 3
24 57 3
24 59 12
24 65 1
24 72 7
24 77 3
24 521 9
24 86 2
24 93 2
24 94 2
24 96 1
24 99 1
24 117 2
24 119 1
24 526 1
24 528 1
24 373 3
24 143 3
24 147 2
24 530 2
24 158 3
24 160 4
24 464 5
24 168 1
24 181 4
24 467 3
24 544 1
24 217 1
24 853 3
24 238 1
24 760 1
24 246 1
24 407 1
24 854 2
24 844 1
24 855 1
24 568 1
24 856 1
24 825 1
24 857 1
24 858 1
608 628 18
608 629 10
608 458 11
608 53 3
608 100 2
608 657 7
608 658 2
608 660 1
608 611 3
608 859 1
608 860 2
608 662 1
608 469 1
608 613 2
608 663 2
608 479 3
608 666 1
608 272 1
608 639 1
608 640 1
608 861 1
608 670 1
608 862 1
608 863 1
608 325 1
608 645 1
608 648 1
608 655 1
608 864 1
25 27 20
25 29 1
25 30 1
25 31 8
25 32 6
25 35 2
25 37 1
25 38 1
25 39 1
25 40 3
25 41 2
25 46 1
25 47 2
25 49 1
25 50 1
25 52 1
25 53 1
25 58 1
25 63 1
25 65 2
25 68 2
25 78 1
25 86 1
25 366 1
25 106 1
25 108 1
25 109 2
25 120 1
25 121 3
25 124 1
25 128 2
25 130 3
25 131 3
25 137 1
25 139 1
25 140 2
25 155 1
25 156 2
25 157 1
25 161 1
25 162 1
25 464 1
25 170 3
25 171 1
25 181 1
25 183 1
25 185 1
25 187 1
25 192 1
25 200 1
25 865 1
25 222 1
25 679 2
25 853 1
25 238 1
25 401 1
25 245 1
25 866 2
25 257 1
25 409 1
25 867 1
25 268 1
25 269 1
25 411 1
25 868 1
25 869 1
25 416 1
25 419 1
25 870 1
25 784 1
25 488 1
25 871 1
25 872 1
25 618 1
25 425 1
25 431 1
25 873 1
25 729 1
25 874 1
25 875 1
25 876 1
25 877 1
25 878 1
25 879 1
25 880 1
25 881 1
25 882 1
25 883 1
25 884 1
25 885 1
26 27 1
26 32 1
26 39 6
26 45 1
26 59 3
26 77 9
26 521 4
26 111 4
26 527 1
26 158 3
26 540 1
26 542 1
26 210 3
26 853 1
26 235 1
26 306 1
26 856 1
26 847 1
26 796 1
26 858 1
27 29 2
27 31 13
27 32 18
27 36 9
27 37 11
27 41 4
27 46 10
27 609 1
27 47 2
27 56 1
27 60 1
27 63 3
27 65 2
27 68 11
27 92 1
27 101 1
27 108 7
27 109 2
27 610 1
27 121 1
27 128 3
27 130 4
27 131 4
27 886 2
27 140 1
27 150 1
27 151 1
27 156 1
27 535 1
27 170 3
27 887 2
27 175 2
27 836 1
27 888 2
27 701 2
27 889 2
27 187 1
27 389 1
27 390 1
27 202 1
27 837 1
27 204 1
27 890 2
27 676 1
27 677 1
27 395 2
27 209 3
27 396 1
27 219 1
27 548 3
27 235 1
27 838 1
27 866 1
27 839 2
27 405 1
27 411 1
27 868 2
27 869 2
27 891 1
27 415 1
27 892 1
27 832 2
27 763 2
27 488 1
27 785 1
27 893 1
27 894 1
27 895 1
27 896 1
27 897 1
27 898 1
27 845 1
27 432 1
27 873 1
27 899 1
27 322 1
27 326 1
27 796 1
27 877 1
27 900 1
27 901 1
27 826 1
27 902 1
27 903 1
27 880 1
27 904 1
27 905 1
27 906 1
27 907 1
27 513 1
27 908 1
27 909 1
28 42 1
28 65 1
28 79 3
28 104 1
28 105 1
28 155 2
28 167 3
28 287 1
28 728 1
28 731 1
29 32 2
29 34 1
29 36 3
29 37 4
29 49 5
29 55 12
29 60 3
29 63 12
29 69 8
29 70 8
29 92 2
29 96 1
29 522 1
29 103 1
29 117 1
29 130 2
29 371 1
29 526 1
29 528 2
29 612 1
29 150 1
29 169 1
29 187 1
29 386 1
29 387 2
29 910 1
29 201 1
29 476 1
29 625 3
29 238 1
29 248 1
29 911 1
29 262 1
29 300 2
29 318 1
29 319 1
29 327 1
29 725 1
29 912 1
29 627 1
29 353 1
29 726 1
30 34 2
30 35 1
30 38 4
30 42 6
30 56 1
30 58 2
30 74 1
30 85 2
30 86 1
30 89 1
30 93 1
30 105 3
30 116 5
30 129 3
30 170 1
30 174 1
30 178 1
30 386 1
30 197 1
30 207 1
30 806 1
30 400 2
30 250 1
30 555 1
30 279 1
30 420 2
30 296 1
30 421 1
30 303 1
30 913 1
30 914 1
628 629 6
628 458 5
628 53 2
628 657 6
628 658 3
628 659 5
628 660 5
628 611 2
628 142 1
628 859 1
628 860 2
628 662 1
628 915 2
628 663 2
628 479 2
628 666 1
628 272 1
628 486 1
628 861 1
628 916 1
628 917 1
628 864 1
31 32 2
31 36 2
31 37 2
31 44 1
31 46 2
31 609 1
31 53 1
31 60 1
31 62 1
31 65 2
31 66 1
31 68 4
31 73 1
31 75 4
31 92 4
31 99 2
31 100 1
31 460 1
31 108 1
31 109 3
31 110 1
31 121 3
31 122 2
31 719 1
31 130 6
31 131 1
31 886 1
31 463 1
31 611 1
31 142 3
31 146 1
31 154 1
31 155 2
31 170 1
31 887 1
31 175 1
31 888 1
31 701 1
31 889 1
31 190 1
31 196 2
31 393 1
31 890 2
31 676 3
31 677 3
31 209 1
31 722 1
31 806 1
31 866 1
31 409 1
31 267 2
31 272 1
31 868 1
31 869 1
31 684 1
31 918 1
31 919 1
31 813 1
31 920 1
31 921 1
31 922 1
31 317 1
31 923 1
31 924 1
31 925 1
31 926 1
31 927 1
31 928 1
31 929 1
31 902 1
31 903 1
31 930 1
31 908 1
32 34 1
32 35 5
32 36 6
32 37 5
32 42 1
32 43 2
32 44 3
32 46 12
32 609 3
32 47 2
32 50 1
32 53 1
32 60 2
32 63 2
32 65 3
32 68 10
32 72 1
32 86 1
32 90 4
32 91 5
32 92 1
32 97 1
32 108 1
32 610 2
32 129 1
32 130 1
32 131 1
32 886 2
32 137 1
32 150 1
32 152 1
32 156 5
32 160 1
32 887 2
32 175 2
32 180 1
32 836 4
32 888 2
32 701 2
32 889 2
32 184 1
32 199 1
32 837 2
32 203 2
32 204 1
32 890 2
32 210 1
32 931 2
32 220 1
32 234 1
32 235 1
32 838 2
32 839 2
32 819 2
32 840 1
32 269 2
32 274 1
32 891 2
32 616 1
32 284 1
32 832 1
32 932 1
32 763 2
32 561 1
32 893 1
32 898 1
32 845 1
32 933 1
32 934 1
32 935 1
32 796 1
32 330 1
32 928 1
32 337 1
32 936 1
32 904 1
32 349 1
32 588 1
33 34 1
33 42 1
33 54 3
33 61 8
33 71 3
33 76 1
33 366 1
33 93 1
33 376 1
33 158 1
33 380 1
33 161 1
33 168 1
33 383 2
33 187 3
33 387 1
33 389 1
33 778 1
33 475 2
33 208 2
33 243 1
33 866 1
33 937 1
33 404 1
33 482 1
33 409 1
33 485 1
33 414 2
33 427 1
33 938 1
33 441 1
34 35 13
34 42 1
34 43 3
34 44 2
34 50 1
34 52 1
34 60 9
34 365 1
34 62 1
34 65 1
34 82 4
34 83 7
34 90 4
34 92 1
34 93 8
34 523 1
34 127 2
34 461 1
34 462 1
34 135 1
34 138 3
34 144 1
34 145 2
34 155 1
34 156 1
34 165 2
34 178 1
34 183 2
34 468 1
34 194 2
34 198 1
34 541 3
34 204 1
34 939 2
34 940 1
34 242 1
34 243 2
34 551 1
34 246 2
34 941 2
34 942 2
34 943 1
34 410 1
34 275 2
34 280 2
34 616 2
34 283 1
34 560 1
34 944 2
34 296 1
34 843 2
34 945 2
34 946 2
34 947 1
34 316 1
34 435 1
34 324 1
34 948 1
34 949 1
34 950 1
34 951 1
34 952 1
34 953 1
34 362 1
35 43 1
35 44 1
35 46 1
35 609 1
35 59 2
35 68 1
35 90 3
35 91 2
35 93 5
35 523 2
35 112 2
35 370 1
35 138 1
35 143 1
35 156 5
35 160 5
35 183 4
35 467 1
35 184 3
35 468 1
35 539 4
35 204 1
35 210 1
35 243 1
35 551 1
35 251 1
35 840 1
35 275 2
35 276 1
35 296 1
35 562 1
35 563 1
35 564 1
35 568 1
35 435 1
35 571 1
35 349 1
35 773 1
36 37 17
36 44 1
36 46 3
36 609 1
36 48 1
36 60 1
36 63 3
36 65 3
36 66 1
36 91 1
36 92 1
36 522 1
36 104 1
36 108 4
36 719 1
36 131 3
36 140 2
36 954 1
36 150 1
36 836 3
36 210 1
36 931 1
36 955 3
36 838 1
36 839 1
36 554 1
36 410 1
36 956 2
36 844 1
36 957 1
36 958 1
36 959 1
36 580 1
36 960 1
36 961 1
36 962 1
36 963 1
37 43 1
37 44 1
37 46 2
37 609 1
37 60 2
37 63 4
37 65 1
37 66 2
37 75 1
37 92 2
37 99 3
37 522 2
37 108 1
37 109 4
37 113 2
37 114 2
37 128 1
37 130 1
37 131 1
37 140 5
37 150 1
37 964 1
37 162 1
37 170 3
37 836 1
37 538 2
37 189 4
37 199 3
37 205 1
37 216 3
37 940 1
37 838 2
37 839 1
37 965 2
37 264 1
37 966 2
37 967 1
37 961 1
38 42 2
38 65 2
38 70 1
38 74 1
38 79 8
38 85 1
38 369 2
38 129 1
38 131 2
38 379 2
38 157 1
38 171 3
38 172 1
38 175 3
38 387 1
38 193 2
38 865 1
38 259 1
38 274 1
38 421 1
38 423 1
38 968 1
38 425 1
38 969 1
38 970 1
39 48 1
39 53 1
39 72 1
39 697 2
39 521 2
39 92 2
39 111 2
39 115 5
39 368 1
39 128 5
39 674 1
39 131 1
39 527 1
39 612 5
39 159 3
39 385 4
39 194 2
39 473 3
39 393 2
39 205 1
39 208 2
39 703 1
39 215 1
39 705 3
39 233 3
39 551 1
39 408 2
39 810 1
39 971 1
39 682 1
39 416 1
39 972 2
39 973 2
39 424 2
39 685 1
39 974 1
39 877 1
39 442 1
39 503 1
39 582 1
39 506 1
39 880 1
39 452 1
39 453 1
39 587 1
39 357 1
39 975 1
39 362 1
40 52 9
40 58 1
40 89 3
40 102 1
40 105 2
40 106 5
40 124 6
40 155 1
40 159 1
40 161 1
40 203 2
40 244 2
40 256 1
40 976 1
40 575 1
40 577 1
40 977 1
40 519 1
629 458 16
629 657 6
629 658 6
629 659 1
629 660 2
629 611 4
629 661 1
629 142 2
629 859 4
629 860 4
629 466 1
629 915 2
629 613 1
629 663 3
629 978 2
629 861 2
629 641 1
629 979 1
458 459 2
458 53 3
458 657 4
458 658 6
458 660 1
458 611 4
458 859 1
458 860 2
458 466 2
458 196 2
458 613 1
458 663 1
458 861 1
458 641 1
458 980 1
458 333 1
458 981 1
458 694 1
458 647 1
458 979 1
458 516 1
458 982 1
41 42 1
41 47 12
41 52 1
41 78 1
41 80 4
41 81 5
41 521 1
41 84 6
41 101 6
41 102 2
41 122 2
41 134 1
41 463 2
41 983 2
41 140 1
41 984 2
41 985 5
41 153 1
41 157 1
41 159 3
41 161 2
41 170 1
41 174 1
41 986 1
41 232 2
41 987 1
41 401 2
41 988 1
41 867 1
41 415 1
41 989 2
41 489 1
41 567 1
41 873 1
41 572 1
41 730 1
41 990 1
41 732 1
41 352 1
459 630 5
459 465 2
459 466 3
459 631 1
459 632 1
459 469 2
459 470 3
459 471 1
459 472 2
459 474 1
459 633 3
459 991 1
459 634 3
459 635 2
459 992 1
459 636 2
459 993 1
459 637 2
459 668 1
459 669 1
459 598 1
459 994 1
459 995 2
459 641 2
459 996 1
459 491 1
459 997 1
459 863 1
459 998 1
459 999 1
459 642 1
459 981 1
459 1000 1
459 694 1
459 651 1
459 1001 1
459 1002 1
459 1003 1
459 656 1
42 58 6
42 79 1
42 85 6
42 89 1
42 105 2
42 116 6
42 129 6
42 137 5
42 171 2
42 172 1
42 187 1
42 193 1
42 207 3
42 221 3
42 269 2
42 284 1
42 287 2
42 299 1
42 913 1
43 44 15
43 46 5
43 609 4
43 90 5
43 91 2
43 610 1
43 145 1
43 184 1
43 200 1
43 837 1
43 203 1
43 204 1
43 931 1
43 678 1
43 940 3
43 233 1
43 1004 1
43 1005 1
43 971 1
43 840 2
43 410 2
43 842 1
43 283 1
43 944 1
43 945 1
43 844 1
43 1006 1
43 1007 1
43 845 1
43 1008 1
43 1009 1
43 1010 1
43 1011 1
43 1012 1
44 46 7
44 609 8
44 90 4
44 91 1
44 92 1
44 610 1
44 145 1
44 152 1
44 184 1
44 837 1
44 204 1
44 931 1
44 1004 1
44 1005 1
44 971 1
44 891 1
44 842 1
44 283 2
44 945 1
44 845 1
44 1009 1
45 48 1
45 59 5
45 72 2
45 77 2
45 521 2
45 94 2
45 117 1
45 526 1
45 528 1
45 373 2
45 158 1
45 467 1
45 853 2
45 854 2
45 568 1
45 1013 1
45 1014 1
45 825 1
46 609 15
46 60 1
46 68 2
46 90 1
46 91 1
46 92 1
46 108 1
46 610 7
46 130 2
46 131 1
46 535 2
46 170 1
46 836 1
46 837 3
46 203 1
46 204 3
46 210 1
46 931 3
46 548 1
46 838 1
46 839 2
46 269 2
46 411 1
46 891 1
46 832 2
46 932 2
46 763 2
46 1015 1
46 1016 1
46 905 1
609 68 1
609 92 1
609 610 7
609 152 1
609 204 3
609 210 1
609 891 1
609 832 1
609 763 1
47 53 1
47 71 1
47 80 2
47 81 2
47 84 8
47 97 1
47 101 1
47 131 1
47 141 2
47 985 5
47 153 1
47 159 3
47 176 1
47 186 1
47 200 1
47 201 1
47 392 1
47 202 3
47 203 1
47 208 2
47 209 1
47 398 1
47 219 3
47 223 1
47 227 1
47 234 1
47 242 1
47 595 1
47 1017 2
47 252 1
47 274 1
47 683 1
47 686 1
47 489 2
47 322 1
47 326 1
47 1018 1
47 330 1
47 348 1
47 352 1
47 361 1
48 51 1
48 64 1
48 65 1
48 71 1
48 77 1
48 86 1
48 526 1
48 591 1
48 964 1
48 171 5
48 180 2
48 537 2
48 183 1
48 204 1
48 218 1
48 759 1
48 269 1
48 565 1
48 315 1
48 1019 1
48 1020 1
48 606 1
49 60 2
49 92 1
49 113 1
49 115 4
49 368 4
49 125 1
49 130 1
49 150 1
49 819 1
49 280 1
49 741 1
49 618 2
49 820 1
49 623 1
50 67 1
50 92 2
50 93 3
50 698 6
50 138 6
50 954 5
50 155 1
50 1021 5
50 1022 4
50 1023 4
50 1024 1
50 700 1
50 183 1
50 467 2
50 986 2
50 593 2
50 779 3
50 1025 2
50 205 3
50 1026 2
50 1027 1
50 224 1
50 1028 1
50 1029 3
50 1030 1
50 258 1
50 1031 1
50 412 1
50 1032 1
50 945 1
50 1033 1
50 948 1
50 732 1
50 1034 1
51 74 1
51 524 1
51 528 1
51 529 1
51 591 3
51 532 5
51 181 1
51 538 3
51 541 1
51 593 1
51 1035 2
51 555 1
51 559 1
51 561 1
51 1036 1
51 946 1
51 567 1
51 1037 1
51 314 1
51 1038 1
51 607 1
52 58 3
52 85 2
52 86 1
52 101 1
52 102 1
52 105 3
52 106 7
52 116 1
52 124 1
52 134 2
52 139 3
52 145 1
52 164 2
52 172 1
52 178 1
52 197 2
52 203 1
52 780 1
52 217 2
52 244 1
52 250 1
52 255 2
52 1039 1
52 279 1
52 784 1
52 490 1
52 567 1
52 730 1
52 732 1
52 950 1
52 1040 1
52 1020 1
52 952 1
52 1041 1
53 97 1
53 100 1
53 460 7
53 657 1
53 658 1
53 131 4
53 370 2
53 611 2
53 154 1
53 533 1
53 662 4
53 196 2
53 592 1
53 474 1
53 663 1
53 234 1
53 666 1
53 271 1
53 272 1
53 274 1
53 668 1
53 1042 1
53 1043 1
53 1044 1
53 1045 1
53 846 1
53 974 1
53 330 1
53 671 1
53 672 1
53 1046 1
53 1047 1
53 1048 1
53 518 1
54 61 5
54 71 4
54 76 1
54 106 2
54 375 2
54 376 2
54 463 2
54 380 2
54 392 1
54 482 1
54 488 1
54 495 1
54 507 1
55 63 1
55 69 7
55 70 7
55 96 1
55 522 1
55 103 1
55 117 1
55 130 1
55 371 1
55 528 2
55 612 1
55 378 1
55 535 1
55 169 1
55 386 1
55 387 1
55 548 1
55 558 1
55 627 1
56 57 12
56 64 1
56 96 5
56 104 2
56 117 1
56 119 1
56 122 1
56 373 1
56 147 5
56 151 1
56 174 3
56 538 2
56 187 3
56 386 1
56 389 2
56 390 1
56 806 1
56 987 1
56 250 1
56 405 1
56 555 1
56 1049 2
56 266 2
56 411 1
56 413 1
56 944 1
56 973 1
56 894 1
56 427 1
56 896 1
56 791 1
56 835 1
56 1050 1
56 1051 1
56 1052 1
56 573 1
56 1053 1
56 1054 1
56 576 1
56 1055 1
56 900 1
56 1056 1
56 800 1
57 89 1
57 96 6
57 104 2
57 117 1
57 119 1
57 373 1
57 147 5
57 532 1
57 390 1
57 206 1
57 478 1
57 257 1
57 413 1
57 1057 1
57 576 1
57 1058 1
57 1059 1
57 1060 1
58 85 8
58 105 5
58 116 5
58 124 2
58 137 2
58 164 5
58 171 1
58 172 2
58 207 2
58 395 1
58 209 1
58 221 1
58 913 1
58 438 1
58 1041 1
59 72 3
59 521 3
59 94 1
59 528 1
59 158 2
59 464 2
59 467 1
59 853 1
59 856 1
59 858 1
60 65 1
60 76 1
60 92 1
60 113 1
60 129 1
60 130 1
60 132 3
60 141 1
60 155 2
60 158 2
60 178 1
60 180 1
60 836 1
60 211 1
60 838 2
60 839 1
60 819 1
60 280 1
60 616 1
60 944 1
60 843 2
60 741 2
60 844 1
60 813 1
60 820 1
60 451 1
61 365 2
61 62 3
61 71 3
61 76 1
61 87 2
61 88 2
61 366 2
61 89 2
61 106 1
61 369 1
61 125 1
61 375 5
61 376 4
61 148 1
61 161 1
61 168 5
61 383 2
61 187 2
61 387 1
61 778 3
61 475 3
61 208 3
61 780 1
61 781 3
61 229 1
61 231 1
61 680 1
61 239 1
61 810 1
61 414 1
61 278 1
61 1061 2
61 973 1
61 686 1
61 687 1
61 1062 1
61 1063 1
61 691 1
61 1064 1
61 1065 1
61 572 1
61 1066 1
61 1067 1
61 1068 1
61 805 1
733 734 12
733 76 6
733 735 9
733 378 1
734 76 6
734 735 9
734 89 1
734 378 2
734 381 1
734 383 1
734 1069 1
365 62 12
365 67 6
365 73 4
365 366 2
365 367 1
365 93 1
365 369 2
365 375 1
365 376 1
365 158 1
365 161 3
365 397 1
365 401 1
365 866 1
365 482 2
365 870 1
365 492 1
365 1070 1
365 502 1
365 504 1
62 67 11
62 71 1
62 73 8
62 79 1
62 366 6
62 367 4
62 93 1
62 122 1
62 369 6
62 125 1
62 130 1
62 375 1
62 376 1
62 158 1
62 534 1
62 168 1
62 187 1
62 778 1
62 393 1
62 781 1
62 239 1
62 866 1
62 737 2
62 250 1
62 1071 1
62 255 1
62 256 1
62 809 1
62 1062 1
62 312 1
62 742 1
62 743 1
62 1070 1
62 1067 1
62 1072 1
63 92 1
63 143 1
63 378 1
63 675 2
63 150 2
63 625 3
63 548 1
63 405 1
63 558 1
63 415 1
63 1073 1
64 379 1
64 591 1
64 155 1
64 157 1
64 171 2
64 180 1
64 543 2
64 397 1
64 218 2
64 236 1
64 412 1
64 1074 1
64 560 1
64 791 1
64 314 1
64 497 1
64 603 1
64 800 1
64 1075 1
65 75 1
65 86 7
65 105 1
65 108 4
65 128 1
65 130 1
65 131 6
65 140 1
65 155 1
65 190 1
65 193 2
65 206 1
65 1076 1
65 548 1
65 401 1
65 245 2
65 1077 2
65 259 1
65 265 1
65 1078 1
65 274 1
65 1039 2
65 416 2
65 616 1
65 571 1
65 1079 1
65 622 1
65 1080 1
66 75 8
66 697 1
66 698 1
66 108 1
66 109 1
66 110 5
66 719 6
66 140 1
66 170 1
66 721 2
66 273 1
67 73 10
67 697 1
67 79 1
67 366 6
67 367 3
67 369 6
67 674 1
67 158 2
67 168 1
67 187 1
67 386 1
67 702 1
67 393 1
67 705 1
67 781 1
67 709 1
67 987 1
67 1081 1
67 1082 1
67 866 2
67 737 2
67 407 1
67 1083 2
67 809 1
67 718 1
67 1084 2
67 867 2
67 1085 2
67 1086 1
67 415 1
67 1087 2
67 1088 2
67 487 2
67 742 1
67 743 1
67 1089 1
67 1070 1
67 441 1
68 610 1
68 130 1
68 886 2
68 140 1
68 530 1
68 160 1
68 887 2
68 175 2
68 888 2
68 701 2
68 889 3
68 183 1
68 199 1
68 204 1
68 890 2
68 210 1
68 240 1
68 819 1
68 763 1
68 562 1
68 563 1
68 893 2
68 568 1
68 898 1
68 845 1
68 571 1
68 795 1
68 904 1
68 1090 1
69 70 11
69 103 1
69 371 1
69 612 1
69 169 1
69 627 1
70 79 1
70 103 1
70 371 1
70 526 1
70 612 1
70 167 1
70 169 1
70 170 1
70 259 1
70 1005 1
70 1091 1
70 1092 1
70 870 1
70 1093 1
70 1094 1
70 627 1
70 1095 1
70 1096 1
71 366 1
71 106 2
71 463 1
71 155 1
71 393 1
71 209 2
71 736 1
71 398 2
71 478 1
71 255 2
71 409 2
71 312 1
71 496 1
71 748 1
71 1097 1
71 695 1
72 94 2
72 96 1
72 524 1
72 117 1
72 119 7
72 133 6
72 373 2
72 530 5
72 157 1
72 531 5
72 464 1
72 391 4
72 821 1
72 210 1
72 544 1
72 853 1
72 408 2
72 278 1
72 419 1
72 304 1
72 566 1
72 568 1
72 1098 1
72 1099 1
73 79 1
73 521 1
73 366 4
73 367 3
73 116 1
73 122 1
73 369 4
73 375 1
73 376 1
73 158 2
73 387 1
73 778 1
73 1100 1
73 866 2
73 407 1
73 1049 1
73 813 1
74 121 1
74 157 1
74 538 1
74 387 2
74 235 1
74 294 1
74 561 1
74 423 1
74 310 1
74 567 1
74 355 1
75 698 1
75 110 7
75 131 1
75 190 4
75 273 1
75 727 1
76 735 3
76 87 1
76 141 1
76 380 1
76 403 1
76 745 1
76 501 1
76 512 1
77 111 1
77 526 4
77 527 1
77 591 2
77 158 1
77 210 2
77 853 1
77 599 1
77 306 1
697 92 2
697 698 1
697 699 1
697 702 1
697 703 1
697 705 1
697 708 1
697 710 1
735 378 1
78 401 1
78 269 1
78 282 1
78 511 1
79 105 1
79 369 2
79 379 2
79 153 2
79 167 2
79 170 1
79 171 4
79 175 4
79 259 1
80 81 9
80 84 2
80 101 1
80 102 1
80 134 1
80 463 2
81 84 2
81 101 1
81 102 1
81 134 1
81 463 2
81 232 1
82 83 9
82 90 1
82 127 6
82 145 1
82 165 3
82 182 1
82 240 1
82 406 1
82 1004 1
82 1005 1
82 971 1
82 280 1
82 291 2
82 560 1
82 564 1
83 90 1
83 127 2
83 145 2
83 165 5
83 240 2
83 406 1
83 280 1
83 291 1
83 560 1
521 94 1
521 116 1
521 158 1
521 387 1
521 986 1
521 238 2
521 760 2
521 1100 1
521 407 2
521 988 1
521 1049 1
521 415 1
521 812 1
521 567 1
521 873 1
521 572 1
84 159 1
84 1017 2
85 105 6
85 116 4
85 137 4
85 164 1
85 171 1
85 468 1
85 207 3
85 221 1
85 550 1
85 250 1
85 257 1
85 287 1
85 913 2
85 1101 1
85 969 1
85 970 1
85 1041 1
86 105 1
86 120 1
86 124 1
86 370 1
86 379 1
86 159 1
86 720 1
86 702 1
86 211 1
86 254 1
86 411 1
86 762 1
86 297 1
86 428 1
86 750 1
86 1020 1
87 88 8
87 125 1
87 126 1
87 370 1
87 378 2
87 173 3
87 174 1
87 203 1
87 226 1
87 243 1
87 403 2
87 292 1
87 1069 1
88 118 1
88 125 1
88 126 1
88 378 1
88 173 1
88 226 1
88 232 1
88 403 1
88 1069 1
88 1102 1
88 1103 1
88 1104 1
88 1105 1
366 367 8
366 89 3
366 99 1
366 369 2
366 158 1
366 168 1
366 173 1
366 1106 4
366 544 1
366 229 1
366 853 1
366 987 1
366 737 2
366 809 2
366 409 2
366 973 1
366 687 2
366 1107 1
366 742 1
366 1108 1
366 1109 1
366 743 1
366 875 1
366 1110 1
366 1111 1
366 1112 1
367 369 1
367 158 1
367 737 1
367 809 1
89 96 1
89 98 1
89 522 1
89 102 2
89 105 1
89 116 1
89 118 1
89 125 2
89 126 1
89 137 1
89 526 1
89 529 2
89 378 5
89 984 1
89 161 3
89 532 2
89 381 5
89 168 3
89 171 1
89 174 1
89 177 1
89 383 4
89 1113 2
89 1114 1
89 187 2
89 393 2
89 865 1
89 206 1
89 207 1
89 544 1
89 478 1
89 226 1
89 229 1
89 236 1
89 1115 1
89 241 1
89 402 1
89 252 1
89 405 1
89 257 1
89 555 1
89 988 1
89 1084 1
89 1116 1
89 409 1
89 263 1
89 270 1
89 411 2
89 415 1
89 1069 1
89 687 1
89 1107 1
89 312 1
89 1117 1
89 1118 1
89 792 1
89 1057 1
89 328 1
89 1058 1
89 334 1
89 339 1
89 512 1
89 1119 1
90 91 8
90 93 1
90 156 1
90 184 4
90 837 2
90 410 1
90 945 1
90 845 1
90 331 1
90 953 1
91 160 1
91 184 1
91 837 1
91 251 1
91 840 2
91 410 2
91 411 1
91 944 1
91 844 1
91 1120 1
91 331 1
91 1121 1
91 953 1
92 121 1
92 462 1
92 674 4
92 699 3
92 130 3
92 886 1
92 1122 1
92 136 3
92 1123 1
92 377 1
92 150 1
92 155 1
92 382 1
92 1023 1
92 467 4
92 720 2
92 388 2
92 199 1
92 474 1
92 702 1
92 394 1
92 758 1
92 703 3
92 1026 1
92 705 2
92 225 3
92 722 1
92 228 1
92 1029 1
92 708 2
92 709 1
92 234 1
92 243 1
92 1124 2
92 1125 1
92 714 1
92 267 2
92 683 2
92 944 1
92 843 1
92 1032 1
92 723 1
92 320 1
92 440 1
93 127 1
93 130 1
93 135 3
93 138 4
93 954 1
93 1021 1
93 183 1
93 986 1
93 593 1
93 1025 1
93 205 1
93 208 1
93 1126 1
93 1127 1
93 1128 1
93 1029 1
93 243 1
93 246 2
93 911 1
93 1031 1
93 412 1
93 1129 2
93 288 2
93 1130 2
93 301 1
94 95 1
94 524 6
94 123 1
94 527 4
94 378 1
94 530 1
94 531 1
94 853 2
94 408 1
94 269 1
94 306 1
94 568 1
95 524 1
95 123 3
95 527 1
95 147 1
95 191 2
95 207 1
95 215 1
95 223 2
95 547 1
95 231 2
95 911 1
95 422 2
95 894 1
95 329 1
95 878 1
95 692 1
95 342 1
95 1131 1
95 771 1
96 102 1
96 104 4
96 117 5
96 119 1
96 120 1
96 133 1
96 371 1
96 528 2
96 373 1
96 529 6
96 147 2
96 161 1
96 168 1
96 1113 1
96 387 2
96 390 1
96 778 1
96 544 3
96 256 1
96 1084 1
96 409 2
96 411 1
96 413 2
96 488 1
96 813 1
96 313 1
96 497 1
96 572 1
96 573 1
96 576 1
96 1132 1
96 509 1
96 1133 1
97 98 8
97 101 3
97 102 4
97 131 1
97 134 3
97 153 1
97 176 3
97 234 1
97 274 1
97 832 1
97 330 1
98 101 3
98 102 4
98 134 3
98 153 1
98 176 4
98 832 1
98 1134 1
99 522 8
99 109 5
99 128 6
99 130 1
99 140 1
99 612 1
99 535 5
99 169 1
99 170 1
99 177 1
99 1106 1
99 910 2
99 721 1
99 205 1
99 212 1
99 548 2
99 1135 1
99 250 1
99 262 1
99 615 1
99 289 1
99 290 1
99 293 1
99 317 1
99 1136 1
99 926 1
99 1137 1
99 1138 1
99 1139 1
99 929 1
99 1140 1
522 128 5
522 130 1
522 526 2
522 140 4
522 984 1
522 535 5
522 174 1
522 387 1
522 910 4
522 390 1
522 548 1
522 1141 1
522 1135 1
522 1115 2
522 1142 1
522 1143 1
522 256 1
522 555 1
522 988 1
522 411 1
522 782 1
522 1144 2
522 1145 2
522 597 1
522 813 1
522 1146 1
522 1117 1
522 1147 1
522 1137 1
522 1148 1
522 1149 1
522 1150 1
100 660 1
100 611 2
100 154 1
100 272 2
100 846 1
100 671 1
100 1048 1
523 104 1
523 112 3
523 141 2
523 183 1
523 468 3
523 539 1
523 200 3
523 398 2
523 551 2
523 919 1
523 564 1
523 1151 1
524 123 1
524 527 3
524 530 1
524 408 1
524 269 1
698 700 4
698 701 1
698 706 1
698 708 1
101 102 7
101 134 3
101 153 1
101 176 2
101 401 2
101 1152 1
101 1153 1
101 1154 2
101 490 1
101 1155 1
101 1156 1
101 730 1
101 1157 1
101 732 1
102 120 1
102 121 1
102 134 5
102 153 1
102 176 1
102 217 1
102 401 1
102 559 1
102 307 1
102 317 1
102 730 1
102 732 1
102 1158 1
102 1159 1
103 341 1
103 1160 1
103 1161 1
104 373 1
104 143 1
104 147 1
104 167 1
104 174 1
104 387 1
104 778 1
104 545 1
104 477 3
104 1162 1
104 478 1
104 250 1
104 1071 1
104 411 1
104 413 2
104 485 1
104 919 1
104 894 1
104 569 1
104 570 1
104 1163 1
104 1164 1
104 1099 1
104 583 1
104 1165 1
104 828 1
105 106 2
105 124 2
105 137 6
105 155 1
105 532 1
105 168 1
105 178 1
105 207 1
105 395 1
105 209 1
105 221 2
105 237 1
105 411 1
105 1039 1
105 287 2
105 421 1
105 1166 1
105 913 2
105 490 1
105 1167 1
105 438 1
105 1168 1
105 1169 1
105 1170 1
106 124 2
106 463 2
106 475 1
106 207 1
106 208 1
106 209 1
460 611 1
460 154 1
460 196 3
460 592 1
460 200 1
460 474 1
460 271 1
460 668 1
460 639 1
460 640 1
460 1042 1
460 1043 1
460 1044 1
460 1045 1
460 626 1
460 1047 1
107 111 1
107 536 1
107 540 1
107 542 1
107 546 1
107 556 1
107 265 1
107 562 1
108 121 1
108 719 1
108 130 1
108 131 6
108 133 1
108 140 3
108 535 1
108 170 4
108 1171 3
108 1172 3
108 395 1
108 209 1
108 614 1
108 1173 1
108 1174 3
108 548 1
108 236 1
108 243 1
108 551 1
108 1175 2
108 1176 1
108 1177 1
108 895 1
108 1178 1
108 1179 1
108 1180 1
108 1181 1
108 849 1
108 1182 1
108 1183 1
109 130 2
109 138 1
109 463 1
109 140 3
109 142 1
109 170 3
109 465 1
109 466 1
109 1114 4
109 196 1
109 592 1
109 721 1
109 212 1
109 1184 3
109 224 1
109 1185 3
109 1071 1
109 1186 2
109 718 2
109 596 1
109 266 1
109 1187 2
109 1188 2
109 1166 1
109 619 2
109 601 1
109 1064 1
109 434 1
109 317 1
109 990 1
109 499 1
109 1189 1
109 930 1
109 457 1
110 719 2
110 190 2
110 302 1
110 335 1
610 204 2
111 158 1
111 540 1
111 542 1
111 210 1
112 141 2
112 200 1
112 398 1
112 294 1
112 308 1
112 323 1
112 359 1
112 589 1
657 658 1
657 660 1
657 611 5
657 859 2
657 860 3
657 663 1
657 861 1
657 670 1
113 114 7
113 128 1
113 538 4
113 205 3
113 819 1
113 619 1
113 820 1
114 128 1
114 538 4
114 205 3
114 619 1
1190 1191 7
1190 139 1
1190 145 2
1190 1142 1
1190 681 1
1190 841 1
1190 842 2
1190 1192 1
1191 139 1
1191 145 2
1191 1142 1
1191 681 1
1191 841 1
1191 842 2
1191 1192 1
115 368 7
115 153 1
115 179 4
115 182 2
115 385 3
115 188 3
115 720 1
115 199 1
115 215 1
115 477 1
115 1193 1
115 400 2
115 408 1
115 810 1
115 682 1
115 559 1
115 1194 2
115 424 1
115 1195 1
115 1196 1
115 1197 1
115 362 1
368 153 1
368 179 1
368 180 1
368 385 1
368 424 1
368 306 1
368 1198 1
116 124 1
116 129 1
116 137 1
116 164 1
116 171 1
116 387 1
116 207 3
116 1100 1
116 407 1
116 1049 1
116 913 1
117 119 1
117 133 1
117 371 1
117 528 3
117 373 1
117 675 1
117 150 1
117 386 1
117 387 2
117 544 1
117 411 1
117 497 1
117 572 1
117 573 1
117 825 1
117 1132 1
1199 118 7
1199 1200 4
1199 1201 3
1199 991 3
1199 1202 2
1199 1203 2
1199 561 2
1199 1204 1
1199 1205 1
1199 1206 1
118 125 2
118 126 2
118 1200 6
118 168 1
118 390 1
118 1201 3
118 991 3
118 236 2
118 241 2
118 1202 1
118 263 2
118 270 2
118 1203 2
118 763 1
118 561 1
118 298 1
118 1207 2
118 311 1
118 1204 1
118 328 1
118 334 1
118 1104 1
118 1208 1
118 1206 1
119 133 3
119 566 1
119 584 1
119 1209 1
120 121 6
120 529 1
120 143 1
120 146 1
120 170 1
120 467 1
120 185 1
120 710 1
120 238 1
120 553 2
120 1210 2
120 268 1
120 811 2
120 762 2
120 307 1
120 1211 1
120 1212 1
120 1213 1
120 1159 1
121 130 1
121 146 5
121 155 2
121 721 2
121 890 1
121 679 3
121 553 2
121 1210 2
121 811 2
121 307 1
121 918 1
121 922 1
121 895 1
121 723 1
121 729 1
121 317 1
121 923 1
121 928 1
121 1214 1
121 1215 1
121 1213 1
121 1216 1
122 525 6
122 130 1
122 463 2
122 983 2
122 984 3
122 985 1
122 161 3
122 534 4
122 174 3
122 538 1
122 389 4
122 476 1
122 1141 2
122 256 1
122 257 1
122 484 1
122 411 1
122 973 1
122 968 1
122 813 1
122 1217 1
122 1218 1
122 1219 1
525 534 5
525 383 1
525 387 1
525 389 1
525 390 1
525 224 1
525 1141 3
525 411 2
525 421 1
525 567 1
525 1220 1
525 1221 1
525 1222 1
525 621 1
525 579 1
525 1223 1
525 1218 1
123 527 1
123 396 1
123 321 1
369 379 2
369 158 1
369 168 1
369 171 2
369 866 2
369 737 2
369 809 1
369 742 1
369 743 1
369 1224 1
369 1225 1
719 190 1
124 203 1
124 207 2
125 126 6
125 374 6
125 148 3
125 161 1
125 168 2
125 177 4
125 1114 1
125 187 2
125 389 1
125 393 1
125 1226 1
125 736 1
125 229 1
125 806 2
125 236 2
125 241 2
125 402 2
125 250 1
125 405 2
125 1071 1
125 1084 1
125 1116 1
125 263 2
125 270 2
125 415 1
125 298 1
125 311 1
125 1107 1
125 1118 1
125 1227 1
125 1228 1
125 1229 1
125 1230 1
125 328 1
125 334 1
125 443 1
125 1231 1
125 1232 1
125 1233 1
126 148 5
126 168 1
126 173 1
126 383 1
126 390 1
126 236 2
126 241 2
126 263 2
126 270 2
126 298 1
126 488 1
126 311 1
126 328 1
126 334 1
658 662 1
658 663 1
658 666 1
658 272 1
658 979 1
127 145 1
127 165 1
127 182 1
127 1004 1
127 1005 1
127 971 1
127 280 1
127 301 2
127 564 1
461 462 6
461 130 1
461 192 2
461 222 1
461 678 2
461 1234 1
461 1235 1
461 1236 1
462 674 2
462 130 3
462 192 4
462 474 1
462 222 2
462 678 3
462 231 1
462 710 1
462 1237 1
462 1234 1
462 1235 1
462 1238 1
462 1236 1
462 1239 1
128 130 3
128 371 1
128 612 5
128 535 4
128 538 1
128 205 2
128 548 1
128 892 1
128 897 1
128 975 1
129 134 1
129 137 2
129 155 1
129 178 4
129 187 1
129 387 1
129 191 1
129 269 1
129 284 2
129 287 2
129 1166 1
129 1240 1
674 699 6
674 130 6
674 701 1
674 720 4
674 702 3
674 705 2
674 228 3
674 706 3
674 714 2
674 892 1
674 1241 1
674 845 1
674 1242 1
674 852 1
674 1243 1
699 130 2
699 701 1
699 720 3
699 702 2
699 228 1
699 706 1
699 714 1
699 1242 1
130 131 1
130 1200 2
130 140 1
130 150 1
130 155 1
130 535 1
130 170 1
130 174 1
130 720 3
130 1201 1
130 778 1
130 890 1
130 228 2
130 706 1
130 678 1
130 1244 2
130 714 1
130 918 1
130 922 1
130 923 1
130 1245 1
130 928 1
130 1246 1
130 1247 1
130 1248 1
130 1249 1
131 370 1
131 140 5
131 964 1
131 162 1
131 535 1
131 170 3
131 190 2
131 193 2
131 1250 3
131 1251 3
131 548 1
131 1252 3
131 234 1
131 1253 2
131 274 2
131 1254 2
131 1061 1
131 974 1
131 330 1
131 1046 1
131 1255 1
131 1256 1
131 1257 1
132 155 3
132 158 2
370 149 2
370 533 5
370 183 1
370 196 1
370 203 1
370 474 3
370 211 1
370 232 1
370 243 1
370 741 1
370 773 1
370 518 1
133 236 1
134 153 1
134 174 1
134 176 1
134 383 1
134 187 2
134 387 1
134 393 1
134 239 1
134 244 1
134 409 1
134 1188 1
134 279 1
134 417 1
134 1240 1
134 874 1
134 497 1
134 436 1
134 730 1
134 732 1
134 520 1
886 1122 6
886 136 6
886 1123 5
886 378 2
886 887 3
886 175 3
886 888 3
886 701 3
886 889 3
886 890 2
886 1258 2
1122 136 6
1122 1123 6
1122 1259 1
1122 382 1
1122 201 2
1122 1260 3
1122 240 1
1122 1261 1
1122 1262 2
1122 1263 1
1122 1264 1
1122 1265 1
135 169 1
135 227 1
135 710 1
135 285 2
135 288 2
135 290 1
136 1123 5
136 1124 2
136 683 2
371 372 6
371 387 1
371 199 1
371 205 1
371 1035 1
371 406 2
371 411 1
371 497 1
371 572 1
371 573 1
371 627 1
372 1035 1
372 406 1
372 1036 1
372 855 1
137 527 1
137 171 2
137 536 1
137 207 2
137 209 1
137 221 1
137 287 2
137 854 1
137 750 1
137 1266 1
137 1267 1
137 1268 1
137 1269 1
526 984 1
526 591 2
526 910 1
526 396 1
526 1115 1
526 480 1
526 555 1
526 988 1
526 1005 2
526 411 1
526 870 2
526 599 2
526 1117 1
526 802 1
526 803 1
527 378 1
527 531 1
1123 1259 2
1123 1270 2
1123 1271 2
1123 1272 2
1123 1273 2
1123 1274 2
1123 1265 1
138 837 1
138 203 2
138 1127 3
138 1193 2
138 1026 2
138 1028 2
138 1128 3
138 258 2
138 911 2
138 266 1
138 412 1
138 281 2
138 945 1
138 1064 1
138 948 1
138 990 1
138 499 1
138 346 1
138 1189 1
138 1275 1
659 660 6
659 325 1
660 611 1
660 859 1
660 860 1
660 465 1
660 466 1
660 633 1
660 663 1
660 240 1
660 861 1
660 1276 1
660 325 1
660 1277 1
528 529 3
528 168 1
528 467 1
528 386 1
528 387 1
528 586 1
528 607 1
373 530 1
373 390 1
373 821 3
373 545 3
373 239 1
373 263 1
373 1278 1
373 576 1
373 825 1
373 815 1
373 455 1
374 177 4
374 389 1
374 806 2
374 402 2
374 405 2
374 256 1
374 1229 1
374 1230 1
374 443 1
374 1232 1
374 1233 1
375 376 6
375 187 2
375 1106 1
375 778 2
375 1162 1
375 478 1
375 810 1
375 414 1
375 783 1
375 1061 1
375 1063 1
375 1065 1
375 1279 1
375 1280 1
375 1281 1
376 168 1
376 187 1
376 778 1
529 675 1
529 150 1
529 161 2
529 168 2
529 1113 4
529 393 3
529 544 1
529 409 2
529 816 1
529 351 1
529 607 1
1200 1201 3
1200 1244 2
1200 1202 2
1200 1207 2
1200 1245 1
1200 1247 1
1200 1248 1
1200 1208 1
377 382 2
377 172 1
377 182 1
377 388 1
377 199 4
377 391 2
377 394 3
377 224 2
377 264 1
377 419 1
377 430 1
377 440 1
377 451 1
139 145 5
139 217 3
139 681 1
139 841 1
139 307 2
139 1282 1
139 1283 1
139 1284 1
139 852 1
463 983 5
463 984 5
463 985 4
463 161 4
463 174 1
463 383 1
463 187 1
463 397 1
463 987 1
463 740 1
463 1285 1
463 1231 1
463 1286 1
463 930 1
983 984 5
983 985 4
983 161 4
611 154 1
611 859 3
611 860 4
611 196 4
611 592 2
611 663 2
611 271 1
611 272 2
611 861 1
611 670 2
611 1042 1
611 1043 1
611 1044 1
611 1045 1
140 964 2
140 162 1
140 170 5
140 183 1
140 1287 1
140 538 3
140 1288 3
140 1142 2
140 1289 2
140 1290 2
140 597 1
140 1032 2
140 1061 1
140 1291 1
140 1292 1
140 1148 1
140 849 1
140 1149 1
140 1293 1
140 1257 1
141 468 1
141 186 4
141 200 2
141 201 1
141 392 1
141 837 1
141 203 1
141 830 3
141 211 1
141 398 1
141 831 3
141 550 1
141 404 1
141 683 1
141 288 1
141 686 1
141 744 1
141 1294 1
141 1295 1
141 1296 1
141 1297 1
141 348 1
141 749 1
661 142 5
661 915 2
661 978 1
661 1298 1
142 915 4
142 664 2
142 665 1
142 978 2
142 486 1
142 1298 1
142 673 1
612 169 2
612 1127 1
612 1028 1
612 615 2
612 1299 1
612 1300 1
612 1301 1
612 1302 1
612 975 1
143 174 1
143 467 4
143 405 1
143 415 1
143 894 1
143 1303 1
143 1304 1
143 1073 1
143 1211 1
143 1212 1
144 145 1
144 163 1
630 469 2
630 633 3
630 635 3
630 993 1
630 637 2
630 1305 1
630 1306 1
630 994 1
630 995 1
630 1307 1
630 1308 1
630 1309 1
630 1310 1
630 1311 1
630 656 1
145 163 2
145 165 1
145 464 1
145 182 1
145 189 1
145 704 1
145 707 3
145 711 2
145 712 2
145 713 2
145 1004 2
145 1005 2
145 971 2
145 1312 2
145 715 2
145 681 2
145 841 1
145 842 1
145 559 2
145 418 2
145 1313 2
145 302 1
145 1314 1
145 1009 1
146 721 2
146 1210 1
146 811 1
378 531 1
378 381 5
378 173 1
378 383 4
378 548 1
378 1258 2
378 738 2
378 558 1
378 1069 2
378 501 1
378 1119 1
147 464 1
147 181 1
147 413 1
147 692 1
148 168 1
148 173 1
148 229 1
149 198 1
149 822 2
149 1315 1
984 985 4
984 161 5
984 187 1
984 386 1
984 387 1
984 224 1
984 235 1
984 1115 1
984 555 1
984 988 1
984 411 1
984 1117 1
984 575 1
984 1316 1
984 1317 1
984 1318 1
954 153 1
954 1021 3
954 1022 3
954 986 3
954 593 3
954 779 1
954 1025 3
954 206 1
954 476 1
954 224 2
954 1029 1
954 955 1
954 1319 1
954 1320 1
530 821 1
530 240 1
530 408 2
530 419 1
530 763 1
675 150 5
675 171 1
675 865 1
675 1321 1
675 816 1
675 351 1
150 167 2
150 1321 1
150 816 1
150 351 1
379 155 1
379 158 1
379 171 3
379 780 1
379 218 1
379 557 1
151 152 5
151 182 4
151 187 1
151 389 1
151 405 1
151 896 1
151 900 1
151 624 1
152 182 4
152 1106 1
152 409 1
152 891 1
152 1322 1
591 538 2
591 593 1
591 1037 1
591 826 1
591 1075 1
985 159 1
985 161 3
985 208 2
153 175 1
153 1023 2
153 179 1
153 390 1
153 206 1
153 476 1
153 547 1
153 1323 2
153 1319 1
153 1320 1
153 352 1
154 196 2
154 592 1
154 271 2
154 1042 1
154 1043 1
154 1044 1
154 1045 1
154 650 1
155 157 1
155 161 1
155 178 1
155 218 2
155 722 3
155 679 1
155 244 1
155 275 1
155 844 1
155 1324 1
155 360 1
155 1215 1
156 184 1
156 307 1
156 898 1
1021 1022 2
1021 179 2
1021 1024 3
1021 183 3
1021 779 1
1021 205 1
1021 1126 3
1021 1027 3
1021 1029 3
1021 1258 1
1021 1030 2
1021 1325 1
1021 1326 1
157 174 1
157 397 1
157 257 1
157 497 1
157 1098 1
157 1099 1
157 1231 1
157 360 1
158 171 1
158 383 1
158 180 1
158 210 1
158 231 1
158 247 1
158 248 2
158 254 1
158 267 1
158 557 1
158 427 1
158 856 1
158 1224 1
158 1225 1
158 858 1
531 391 4
531 278 2
531 304 1
531 1327 1
531 1064 1
531 1328 1
531 1329 1
531 1330 1
531 1331 1
1259 1270 5
1259 1271 3
1259 201 1
1259 1272 3
1259 1260 1
1259 1273 2
1259 1332 2
1259 1261 1
1259 1262 1
1259 1263 1
1259 1264 1
1259 1274 2
1270 1271 4
1270 1272 3
1270 1333 1
1270 1273 2
1270 1332 2
1270 1262 1
1270 1274 2
1270 326 1
159 194 3
159 473 3
159 208 1
159 679 1
159 233 1
159 254 2
159 297 1
159 489 1
159 428 1
159 750 1
159 503 1
159 506 1
159 1334 1
159 1335 1
160 210 1
160 840 1
160 562 1
160 563 1
160 568 1
160 571 1
380 1336 1
380 739 1
161 381 1
161 168 2
161 174 2
161 1113 2
161 187 1
161 386 1
161 780 1
161 397 1
161 736 2
161 226 1
161 229 2
161 401 1
161 482 2
161 256 2
161 409 2
161 414 1
161 870 1
161 488 1
161 492 1
161 899 1
161 1227 1
161 441 1
161 502 1
161 504 1
161 1337 1
161 1338 1
161 1339 1
964 162 5
964 170 1
964 1287 4
964 758 3
964 759 1
964 1142 2
964 1340 1
162 170 1
162 171 1
162 1287 2
162 758 1
163 620 1
532 387 1
532 541 1
532 206 1
532 1035 3
532 478 1
532 257 1
532 1036 2
532 946 1
532 432 1
532 1341 1
532 572 1
532 1057 1
532 1342 1
532 1343 1
532 1058 1
532 1038 1
532 1344 1
532 1345 1
532 1346 1
164 172 2
164 1347 1
164 1041 1
164 1348 1
381 174 1
381 383 4
381 187 1
381 229 1
381 617 2
381 1069 1
381 488 1
381 899 1
381 1349 1
381 1119 1
166 309 1
382 388 3
382 199 1
382 391 1
382 394 1
382 224 1
382 1260 2
382 1265 1
382 440 1
382 342 1
382 446 1
534 387 1
534 389 1
534 390 1
534 253 1
534 256 1
534 484 1
534 968 1
534 1350 1
534 1072 1
167 170 1
167 199 1
167 890 1
167 259 1
167 810 1
167 1351 1
167 1352 1
167 1353 1
464 181 4
464 720 1
464 1226 1
464 614 1
464 704 3
464 1333 2
464 230 3
464 707 1
464 853 1
464 711 2
464 595 2
464 712 1
464 713 1
464 715 1
464 683 2
464 418 1
464 1354 1
464 1355 1
464 1356 1
464 1357 1
464 1358 1
464 1359 1
464 1360 1
464 1361 1
168 179 1
168 383 1
168 1113 1
168 187 1
168 188 1
168 217 1
168 226 1
168 229 2
168 236 1
168 241 1
168 737 1
168 263 1
168 270 1
168 411 1
168 298 1
168 311 1
168 742 1
168 743 1
168 1362 1
168 1169 1
168 1170 1
168 512 1
535 170 1
535 390 1
535 1143 1
169 229 1
169 615 1
169 285 1
169 1092 1
169 1313 1
169 306 1
169 751 1
169 452 1
170 172 1
170 185 4
170 386 2
170 395 1
170 209 1
170 548 1
170 238 1
170 1258 1
170 259 1
170 1363 2
170 268 2
170 919 1
170 432 1
170 571 1
170 1364 1
170 1365 1
170 1366 1
170 914 1
170 1367 1
170 1368 1
171 175 1
171 537 3
171 865 1
171 207 2
171 234 2
171 248 1
171 565 1
171 1176 1
171 1369 1
171 1370 1
171 1338 1
172 175 1
172 780 1
172 250 1
172 259 1
172 260 2
172 261 2
172 419 1
172 784 1
172 567 1
172 430 1
172 432 1
172 1040 1
172 1020 1
172 451 1
1022 467 1
1022 986 1
1022 593 1
1022 1025 1
1022 224 1
1022 1029 1
1022 732 1
1022 1034 1
859 860 3
859 663 3
859 861 2
173 174 4
173 1106 1
173 226 1
173 235 2
173 292 1
173 1371 1
173 1372 1
174 383 1
174 538 3
174 187 4
174 387 2
174 389 3
174 201 1
174 778 1
174 393 1
174 206 1
174 397 3
174 1162 1
174 478 1
174 226 1
174 229 1
174 235 3
174 239 1
174 987 1
174 1135 1
174 250 1
174 1071 1
174 407 1
174 1049 2
174 485 1
174 292 2
174 973 1
174 488 1
174 785 1
174 813 1
174 1373 1
174 1374 1
174 1303 1
174 1375 1
174 494 1
174 1376 1
174 899 1
174 835 1
174 436 1
174 1163 1
174 1371 1
174 1217 1
174 1337 1
174 1231 1
174 1056 1
174 444 1
174 1377 1
174 1378 1
174 1372 1
174 1379 1
174 1338 1
887 175 4
887 888 4
887 701 4
887 889 4
887 890 3
175 888 4
175 701 4
175 889 4
175 890 3
175 252 2
175 259 2
175 409 1
175 417 1
175 1380 1
860 663 2
860 861 1
176 200 1
176 242 1
176 1134 1
177 1114 1
177 187 1
177 389 1
177 806 3
177 405 1
177 256 1
177 1084 1
177 1116 1
177 415 1
177 813 1
177 1107 1
177 1118 1
177 1229 1
177 1230 1
177 443 1
178 193 1
178 200 1
178 1166 2
178 913 1
536 540 1
536 542 1
536 552 2
536 484 1
536 562 1
1023 467 1
1023 779 2
1023 205 3
1023 1026 2
1023 1028 1
1023 1029 1
1023 1032 1
1023 1323 2
179 1024 4
179 183 1
179 188 4
179 1126 2
179 1027 2
179 1381 2
179 1030 1
179 1194 2
179 1362 1
1024 183 1
1024 1126 2
1024 1027 3
1024 1381 2
1024 1030 2
1024 302 1
1024 1246 1
383 187 2
383 387 1
383 389 1
383 390 1
383 201 1
383 778 2
383 397 1
383 987 1
383 866 1
383 937 1
383 482 1
383 266 1
383 485 1
383 414 1
383 421 2
383 1069 1
383 488 1
383 427 1
383 567 1
383 1382 1
383 1220 1
383 1383 1
383 1057 1
383 1221 1
383 1222 1
383 1279 1
383 621 1
383 1384 1
383 1231 1
383 1223 1
383 805 1
383 1385 1
383 515 1
383 1119 1
180 220 1
180 233 1
180 269 1
180 490 1
180 688 1
180 336 1
180 338 1
180 1386 1
180 852 1
181 314 1
537 565 1
662 663 1
662 666 1
662 272 1
662 671 1
465 466 4
465 196 1
465 592 1
465 633 1
465 596 2
465 667 2
465 1306 1
465 996 2
465 601 1
465 1387 1
465 1388 1
465 1389 1
465 1390 1
465 1391 1
465 1392 1
465 1393 1
466 915 1
466 196 1
466 592 1
466 633 1
466 596 1
466 667 1
466 993 1
466 1394 1
466 598 1
466 641 1
466 601 1
466 602 1
466 605 1
466 1003 1
836 210 1
836 478 1
836 838 2
836 839 2
836 782 1
836 1364 1
700 701 2
700 396 1
700 706 2
700 434 1
700 1395 1
700 1396 1
700 1397 1
182 199 1
182 1193 1
182 400 1
182 911 1
182 1004 1
182 1005 1
182 971 1
182 264 1
182 273 1
182 729 1
182 499 1
182 1398 1
888 701 4
888 889 4
888 890 3
701 889 4
701 720 1
701 890 3
701 706 2
701 1242 1
889 890 3
889 795 1
183 468 1
183 205 1
183 1126 2
183 1027 1
183 1029 2
183 551 1
183 286 1
183 773 1
183 606 1
467 203 1
467 703 2
467 545 1
467 1026 1
467 705 1
467 1029 1
467 709 1
467 1032 1
467 894 1
467 845 1
467 1304 1
467 732 1
467 1034 1
467 584 1
467 1211 1
467 1212 1
384 485 1
384 505 1
385 408 2
385 682 2
385 424 2
385 685 1
468 398 1
468 550 2
468 551 2
468 1151 1
468 1399 1
468 1400 1
185 476 1
185 238 1
185 1258 1
185 268 2
185 1364 1
185 499 1
185 578 1
185 579 1
185 1366 1
185 581 1
1287 758 1
1287 1142 2
538 187 2
538 593 1
538 205 1
538 865 1
538 206 1
538 1288 3
538 1049 2
538 561 1
538 619 1
538 567 1
538 1037 1
538 835 1
538 1056 1
1113 393 3
1113 476 1
1113 1401 1
1113 1240 1
1113 900 1
1113 1402 1
1114 187 1
1114 224 1
1114 1071 1
1114 1186 2
1114 718 2
1114 1084 1
1114 1116 1
1114 1187 2
1114 1188 2
1114 415 1
1114 619 2
1114 1107 1
1114 1118 1
186 830 3
186 831 3
186 1403 1
186 1404 1
186 1405 1
186 348 1
186 1406 1
1271 1272 2
1271 1333 3
1271 1273 2
1271 1407 2
1271 1408 2
1271 1262 1
1271 1274 2
1271 326 1
187 386 1
187 387 2
187 389 1
187 201 1
187 778 1
187 865 1
187 476 1
187 397 1
187 1162 1
187 478 1
187 781 2
187 229 1
187 987 2
187 250 1
187 405 1
187 1071 1
187 257 1
187 911 1
187 1084 2
187 1116 1
187 409 1
187 867 1
187 1049 2
187 415 2
187 783 1
187 298 1
187 300 1
187 488 2
187 1240 1
187 1107 1
187 790 1
187 896 1
187 1118 1
187 899 1
187 792 1
187 835 1
187 938 1
187 441 1
187 900 1
187 797 1
187 1231 1
187 1056 1
187 1409 1
187 912 1
187 1280 1
187 1281 1
187 1068 1
187 1410 1
187 1318 1
386 387 4
386 736 1
386 781 1
386 229 1
386 806 1
386 987 1
386 250 1
386 256 1
386 555 1
386 1363 2
386 415 2
386 421 1
386 426 1
386 429 1
386 575 1
386 441 1
386 1316 1
386 447 1
387 390 2
387 201 1
387 865 1
387 476 1
387 397 1
387 736 1
387 1162 2
387 229 1
387 235 1
387 1332 1
387 1100 2
387 866 1
387 937 1
387 250 2
387 1071 1
387 407 1
387 482 1
387 256 2
387 911 1
387 483 1
387 1049 1
387 411 2
387 485 2
387 414 1
387 558 1
387 415 1
387 421 1
387 300 1
387 968 1
387 1240 2
387 813 1
387 426 1
387 429 1
387 432 1
387 313 1
387 792 1
387 1341 1
387 497 1
387 572 1
387 1229 1
387 573 1
387 1163 1
387 1098 1
387 575 1
387 1342 1
387 1343 1
387 990 1
387 1217 1
387 1316 1
387 1411 1
387 447 1
387 912 1
387 851 1
387 1412 1
387 1344 1
387 1413 1
387 1414 1
1106 389 1
1106 229 1
1106 987 2
1106 409 1
1106 871 1
1106 872 1
1106 894 1
1106 1107 1
1106 1415 1
1106 1416 1
1106 1279 1
1106 1110 1
1106 1111 1
1106 1322 1
1106 1112 1
188 1194 2
188 1362 1
189 199 3
189 216 3
189 707 1
189 264 1
189 1312 1
189 559 1
189 1313 1
189 967 1
915 667 1
915 978 1
720 390 1
720 1226 3
720 219 2
720 228 3
720 706 2
720 714 2
720 559 1
720 1417 2
720 1354 1
720 1418 1
720 1242 1
720 1419 1
720 1420 1
720 1197 1
388 199 1
388 394 1
388 1421 1
388 1422 1
388 440 1
388 929 1
388 342 1
388 446 1
388 1423 1
539 564 1
190 1252 1
190 1254 1
191 223 3
191 231 2
191 284 1
191 422 1
191 329 1
191 848 1
191 1424 1
910 1425 2
910 1144 1
910 1145 1
910 567 1
910 1376 1
910 1137 1
192 474 1
192 222 3
192 678 2
192 231 1
192 710 1
192 1234 1
192 1235 1
192 1238 1
192 1236 1
193 200 2
193 207 2
193 274 1
194 198 1
194 473 2
194 233 1
194 324 1
194 503 1
194 506 1
195 224 2
195 253 2
195 264 1
195 336 1
196 592 4
196 474 1
196 596 1
196 271 2
196 601 1
196 1042 1
196 1043 1
196 1044 1
196 1045 1
196 626 1
196 1298 1
196 1426 1
196 1427 1
196 1047 1
592 596 1
592 271 1
592 601 1
592 1042 1
592 1043 1
592 1044 1
592 1045 1
389 201 1
389 476 1
389 987 1
389 405 2
389 253 1
389 256 1
389 257 1
389 484 2
389 421 1
389 973 1
389 968 2
389 894 1
389 567 1
389 896 1
389 1376 1
389 1220 1
389 1221 1
389 1222 1
389 621 1
389 900 1
389 1217 1
389 1223 1
389 1377 1
389 1350 1
389 1219 1
197 255 2
197 303 2
198 390 4
198 210 1
198 399 3
198 299 1
198 784 1
198 786 1
198 788 1
198 789 1
198 793 1
198 324 1
198 795 1
198 799 1
198 801 1
198 351 1
198 1428 1
198 1315 1
390 779 1
390 991 1
390 210 1
390 399 3
390 1141 1
390 1135 1
390 1332 1
390 250 1
390 1202 1
390 1143 2
390 411 1
390 415 1
390 763 1
390 299 1
390 488 1
390 894 1
390 1117 1
390 899 1
390 1429 1
390 576 1
390 443 1
390 445 1
390 906 1
390 1420 1
631 632 4
631 469 1
631 991 1
631 640 1
631 689 1
631 997 1
631 1430 1
631 1431 1
632 469 1
632 991 1
632 640 1
632 689 1
632 997 1
199 394 3
199 477 1
199 216 2
199 234 1
199 400 1
199 819 1
199 406 2
199 810 2
199 264 2
199 279 1
199 285 1
199 1432 1
199 1195 1
199 1196 1
199 947 1
199 1245 1
199 440 1
199 1433 1
199 1351 1
199 1434 1
199 967 1
199 1353 1
200 203 1
200 1226 1
200 207 1
200 242 2
200 246 1
200 835 1
200 1294 1
200 332 1
200 1296 1
200 1297 1
200 345 1
200 354 1
391 224 1
391 278 1
391 304 1
540 542 3
540 562 1
469 470 3
469 993 2
469 637 1
469 994 1
469 639 1
469 640 1
469 995 1
469 491 1
469 1435 1
469 1436 1
469 1307 1
469 1437 1
469 1438 1
469 1439 1
469 999 1
469 1308 1
469 1309 1
469 1440 1
469 1310 1
469 1441 1
469 1311 1
469 645 1
469 1442 1
469 648 1
469 1393 1
469 1443 1
469 1444 1
470 991 1
470 636 2
470 491 1
470 1435 1
470 1436 1
470 1437 1
470 1438 1
470 1441 1
470 652 1
470 1443 1
471 472 3
471 992 2
472 992 2
201 392 3
201 476 1
201 1260 2
201 229 1
201 987 1
201 240 1
201 1445 2
201 1237 2
201 1261 1
201 1262 2
201 911 1
201 738 2
201 683 1
201 1263 1
201 1264 1
201 300 1
201 686 1
201 1376 1
201 1383 1
201 319 1
201 1057 1
201 1446 1
201 1447 1
201 912 1
201 1377 1
201 1448 1
392 1445 2
392 1237 2
392 738 2
392 683 1
392 686 1
392 1446 1
392 1447 1
392 771 1
392 1449 1
202 219 3
202 322 1
202 326 1
202 361 1
473 233 1
473 254 1
473 297 1
473 503 1
473 506 1
473 1450 1
776 777 3
821 545 1
821 239 1
821 1278 1
837 203 3
837 931 2
837 281 1
837 1451 1
837 1452 1
837 331 1
837 905 1
203 479 1
203 243 1
203 269 1
203 281 2
203 932 2
203 845 1
203 1451 1
203 1452 1
474 613 1
474 222 1
474 708 1
474 231 1
474 710 1
474 1453 1
474 1002 1
474 518 1
541 939 3
541 943 2
541 1036 2
541 946 1
633 637 1
633 995 1
1201 991 2
1201 232 1
1201 1244 1
1201 1245 1
1201 1454 1
1201 1455 1
1201 1247 1
1201 1456 1
1201 1205 1
1201 1457 1
986 593 3
986 1025 3
986 224 2
986 988 1
986 415 1
986 567 1
986 873 1
986 572 1
593 1025 3
593 224 2
593 765 1
593 1458 1
593 1459 1
778 478 1
778 781 1
778 239 1
778 1084 1
778 810 1
778 1061 1
778 488 1
778 1062 1
778 813 1
778 1063 1
778 1065 1
778 938 1
778 1067 1
778 805 1
778 1385 1
779 205 2
779 1028 1
779 1135 1
779 785 1
779 794 1
779 324 1
779 1429 1
779 1460 1
779 1461 1
1171 614 3
1171 1173 3
1171 1175 2
1171 1178 1
1171 1179 1
1171 1181 1
1171 1462 1
1171 1463 1
1171 1182 1
393 1226 1
393 781 1
393 229 1
393 239 1
393 407 1
393 255 1
393 409 1
393 558 1
393 782 1
393 972 2
393 300 1
393 973 2
393 312 1
393 436 1
393 1228 1
393 1057 1
393 1231 1
1250 1251 3
1172 1174 3
1226 219 2
1226 242 1
1226 1074 1
1226 1417 2
1226 1354 1
1226 1228 1
1226 1418 1
1226 332 1
1226 1231 1
1226 1419 1
1226 1464 1
542 1193 1
542 1026 1
542 1028 1
542 562 1
542 1465 1
542 1466 1
204 243 1
204 296 2
394 440 1
758 614 1
758 225 2
758 234 3
758 1142 1
758 1125 2
758 1340 2
758 1467 2
890 918 1
890 922 1
890 923 1
890 928 1
890 1352 1
890 1468 1
890 1469 1
475 208 3
1025 224 2
205 865 1
205 1126 1
205 1026 1
205 1028 1
205 1029 1
205 1470 1
205 1336 2
205 1471 1
205 257 1
205 971 1
205 874 1
205 880 1
205 1472 1
865 206 3
865 1336 2
865 1471 1
865 257 1
865 555 2
865 988 1
865 867 1
865 411 1
865 1473 2
865 968 1
865 312 1
865 1474 1
865 432 1
865 1475 1
865 1476 1
865 572 1
865 1477 1
865 1472 1
865 1478 1
865 1479 1
206 476 1
206 478 3
206 781 1
206 407 1
206 257 2
206 1473 1
206 1474 1
206 432 1
206 1319 1
206 572 1
206 1057 1
206 1320 1
206 1058 1
206 1480 1
206 1477 1
206 1481 1
206 1482 1
206 1377 1
206 1378 1
206 1379 1
206 1483 1
991 1202 1
991 636 1
991 868 1
991 763 1
991 561 1
991 598 2
991 640 1
991 689 1
991 997 1
991 981 1
991 1484 1
207 913 1
676 677 3
543 560 1
208 233 1
208 247 1
208 1485 1
208 1486 1
208 452 1
208 453 1
395 209 3
395 438 1
395 826 1
209 398 1
209 234 1
209 854 1
209 438 1
209 826 1
209 1097 1
830 831 3
613 1453 1
703 705 3
703 709 2
939 943 1
939 1036 1
210 399 1
210 235 1
210 763 1
210 562 1
210 563 1
210 568 1
210 571 1
210 847 1
210 1487 1
211 212 3
476 1401 3
476 736 1
476 1162 1
476 625 1
476 1076 3
476 256 1
476 911 1
476 484 1
476 411 1
476 300 1
476 1488 1
476 1319 1
476 1320 1
476 958 1
476 1489 1
476 1490 1
476 499 1
476 578 1
476 579 1
476 581 1
476 912 1
1401 1076 2
780 250 1
780 409 1
780 556 1
780 265 1
780 783 2
780 784 1
780 567 1
780 1040 1
780 1020 1
213 214 3
213 1073 1
214 937 2
214 1491 2
214 1073 1
215 549 2
215 810 1
215 269 1
215 560 1
215 1492 1
215 1493 1
215 1494 1
215 1495 1
215 342 1
215 1322 1
215 362 1
215 1496 1
545 584 1
1126 1027 2
1126 1029 1
1126 1030 1
614 1173 3
614 234 1
614 249 1
614 1340 1
614 1175 1
614 1178 1
614 1179 1
614 321 1
614 1497 1
614 1498 1
614 1499 1
614 1500 1
614 1501 1
614 1502 1
614 1361 1
1272 1273 2
1272 1332 1
1272 1274 2
477 400 1
477 1195 1
477 1196 1
477 828 1
216 264 1
396 415 1
396 785 1
396 432 1
396 434 1
396 1503 1
396 901 1
396 1504 1
396 907 1
217 307 1
217 769 1
397 987 1
397 482 1
397 813 1
397 497 1
397 1231 1
397 444 1
634 637 1
634 1000 1
218 603 1
218 1505 1
736 1162 3
736 1506 2
736 256 1
736 558 1
736 1227 1
736 1507 1
736 1508 1
736 748 1
1162 478 1
1162 250 1
1162 1071 1
1162 1506 1
1162 485 1
1162 1163 1
1162 1280 1
1162 1281 1
1184 1185 3
1173 1175 1
1173 1178 1
1173 1179 1
1127 1193 1
1127 1026 1
1127 1028 2
1127 1128 3
1127 911 2
1127 1301 1
1127 1302 1
1127 1189 1
398 551 1
1193 1026 3
1193 1028 3
1193 1128 1
1193 1135 1
1193 1465 1
1193 1509 1
1193 1510 1
1193 1095 1
1193 1466 1
1193 1511 1
1026 1028 3
1026 1128 1
1026 1029 1
1026 1032 1
1026 1465 1
1026 1466 1
219 1417 2
219 322 1
219 326 1
219 1418 1
219 1419 1
219 361 1
625 1076 1
221 287 2
221 1168 1
704 1333 1
704 707 1
704 711 2
704 712 1
704 713 1
704 715 1
704 418 1
704 1512 1
704 933 1
704 1355 1
704 1360 1
222 231 1
222 710 1
223 231 3
223 489 1
223 1018 1
223 344 1
1027 1030 2
224 478 1
224 1141 1
224 235 1
224 253 2
224 1071 1
224 264 1
224 1513 1
224 619 1
224 316 1
224 1317 1
224 1514 1
705 709 2
705 718 1
705 892 2
705 1241 2
705 845 1
663 666 2
663 272 1
663 861 2
1035 240 1
1035 1515 1
1035 1036 1
1035 946 1
1035 1038 1
1028 1128 1
1028 1301 1
1028 1465 1
1028 1302 1
1028 1466 1
225 234 2
225 1125 1
225 1467 1
225 1513 1
225 1516 1
225 1517 1
478 781 1
478 257 1
478 782 1
478 496 1
478 1518 1
478 1364 1
478 1057 1
478 1058 1
478 1480 1
478 1519 1
478 1482 1
478 1280 1
478 1378 1
478 1514 1
478 1281 1
478 1379 1
1260 240 1
1260 1261 1
1260 1262 2
1260 1263 1
1260 1264 1
1260 1265 2
1260 1520 1
1260 1521 1
1260 1522 1
1260 1523 1
722 844 1
1333 230 1
1333 479 1
1333 1407 2
1333 1408 2
1333 250 1
1333 1262 1
1333 1524 1
1333 1525 1
1333 1526 1
1333 1527 1
1333 1528 1
1333 1529 1
1333 1530 1
1333 326 1
1333 342 1
1333 1531 1
1333 1104 1
226 229 1
226 481 2
226 292 1
226 298 1
226 1103 1
226 1105 1
227 710 1
227 595 2
781 239 1
781 987 1
781 415 1
781 300 1
781 1062 1
781 441 1
781 1480 1
781 1067 1
781 1482 1
781 1068 1
228 706 3
228 714 2
228 305 1
228 1532 1
229 270 1
229 1092 1
229 421 1
229 1533 1
229 1313 1
229 488 1
229 306 1
229 426 1
229 429 1
229 751 1
229 899 1
229 1057 1
229 447 1
229 452 1
1128 1534 1
1128 1261 1
1128 911 2
1128 1189 1
1076 1079 1
399 299 1
706 1242 1
706 1532 1
806 250 1
806 555 1
806 1084 1
806 1116 1
806 558 1
806 782 1
806 813 1
806 1229 1
806 1230 1
806 443 1
230 232 1
230 595 2
230 683 2
230 1358 1
230 1359 1
1029 1032 1
1029 1521 1
1029 1535 1
707 711 1
707 712 1
707 713 1
707 1312 2
707 715 1
707 559 2
707 418 1
707 1313 2
707 1314 1
547 760 2
547 763 1
547 764 1
547 770 1
955 956 2
678 940 1
678 1234 1
678 1235 1
678 1238 1
678 1236 1
679 1334 1
708 709 2
708 243 1
940 283 1
231 710 1
231 267 1
231 422 2
759 437 1
759 344 1
759 775 1
232 989 2
232 741 1
232 1102 1
232 1456 1
232 514 1
232 696 1
680 685 1
680 686 1
680 691 1
548 1135 2
548 839 1
548 250 1
548 1143 1
548 558 1
548 1117 1
548 621 1
1252 1253 2
1252 1254 2
1252 1536 1
1252 1537 1
479 862 1
479 1529 1
479 1538 1
479 1539 1
233 1008 1
233 336 1
233 503 1
233 506 1
233 1386 1
233 357 1
1540 1470 3
1540 1541 2
1540 1542 1
1540 1543 1
1540 1544 1
1470 257 1
1470 1541 2
1470 1543 1
853 409 1
853 306 1
853 568 1
853 875 1
709 718 1
234 1125 1
234 1340 1
234 274 1
234 1513 1
234 487 1
234 1516 1
234 1517 1
234 947 1
234 330 1
234 1369 1
234 1370 1
710 762 1
1141 1115 1
1141 411 1
1141 782 1
1141 1146 1
1141 1117 1
1141 1218 1
1141 1545 1
1141 1546 1
235 277 1
235 292 1
235 796 1
235 1487 1
235 1317 1
235 1372 1
235 1547 1
236 237 3
236 241 2
236 248 1
236 263 2
236 270 2
236 782 1
236 597 2
236 298 1
236 1240 1
236 311 1
236 328 1
236 334 1
237 248 1
237 278 1
237 597 2
237 1167 1
238 760 2
238 268 1
760 763 1
760 764 1
760 770 1
664 665 2
664 486 1
1548 239 2
1548 255 1
1548 1549 2
1548 727 1
239 250 1
239 255 1
239 257 1
239 1549 2
239 1278 2
239 1062 1
239 436 1
239 582 1
239 1067 1
239 727 1
549 269 1
549 560 1
549 1494 1
987 867 1
987 415 1
987 894 1
987 1107 1
987 1057 1
987 573 1
987 1053 1
987 1054 1
987 990 1
987 1110 1
987 441 1
987 1231 1
987 1111 1
987 1112 1
1135 1143 1
1135 1117 1
1135 1429 1
1135 1510 1
1135 1511 1
1115 555 1
1115 988 1
1115 411 1
1115 782 1
1115 1146 1
1115 1117 1
838 839 2
838 1550 1
838 1302 1
838 1551 1
240 1261 1
240 1262 1
240 1263 1
240 1264 1
240 763 1
240 1515 2
240 1276 2
240 1536 1
240 1552 1
240 933 1
240 1277 1
240 1553 1
240 1554 1
240 1555 1
240 1133 1
240 1556 1
1273 1274 2
1332 411 1
400 420 2
400 1195 1
400 1196 1
1407 1408 2
241 263 2
241 270 2
241 298 1
241 311 1
241 328 1
241 334 1
242 295 1
242 945 1
242 332 1
401 245 1
401 1152 2
401 416 1
401 870 1
401 1153 2
401 1557 1
401 1155 1
243 551 1
243 295 1
243 296 1
243 1176 1
243 1177 1
243 1180 1
243 1183 1
1081 1082 2
1081 1086 2
1081 1512 1
1081 1558 1
1081 1559 1
1081 1560 1
1082 1086 2
1082 1512 1
1082 1558 1
551 256 1
551 484 1
551 1176 1
551 1177 1
551 315 1
551 1561 1
551 974 1
551 877 1
551 1180 1
551 1183 1
1244 1245 1
1244 1247 1
1244 1248 1
244 279 1
244 924 1
244 1562 1
244 1563 1
244 1564 1
245 416 2
245 364 1
246 594 2
246 941 2
246 942 2
246 1031 1
246 412 1
246 1565 2
246 1512 1
246 1566 1
246 835 1
246 1567 1
246 1568 1
246 1569 1
246 1570 1
594 1188 1
594 1565 2
594 600 2
552 484 1
1100 407 1
1100 1049 1
1100 490 1
1100 1482 1
1100 1413 1
1445 1237 2
1445 738 2
1445 1446 1
1445 1447 1
1237 738 2
1237 1446 1
1237 1447 1
1237 1239 1
866 937 1
866 482 1
866 409 1
866 868 1
866 869 1
866 1571 2
866 485 1
866 414 1
866 419 2
866 1572 1
866 1573 1
866 1420 1
866 1574 1
711 712 2
711 713 2
711 715 2
711 418 2
711 1355 1
711 1360 1
402 405 2
402 1232 1
937 1491 2
937 482 1
937 485 2
937 414 2
480 493 1
480 498 1
247 254 1
595 822 2
595 683 2
595 1513 2
595 1358 1
595 1359 1
248 597 1
1575 1017 2
1575 600 1
1575 1576 1
1017 600 1
1017 1576 1
1253 1254 1
665 486 1
737 809 1
737 742 1
737 743 1
1577 1124 2
1577 1578 2
1124 683 2
1124 1578 2
249 321 1
249 343 1
250 1071 2
250 257 2
250 555 1
250 485 1
250 415 1
250 784 1
250 1240 1
250 567 1
250 1101 1
250 1163 1
250 1138 1
250 1139 1
250 342 1
250 443 1
250 1040 1
250 1020 1
250 1411 1
250 445 1
250 1531 1
481 298 2
481 1579 1
1258 406 1
1258 1325 2
1258 1326 2
1258 432 1
1258 1580 1
1534 1261 2
1534 911 1
1534 1581 1
1534 1582 1
1261 1262 1
1261 911 1
1261 1263 2
1261 1264 2
1261 1581 1
1261 1553 1
1261 1582 1
252 409 1
252 417 1
252 339 1
252 1380 1
1202 763 1
554 585 1
405 415 1
405 896 1
405 1073 1
405 900 1
405 1232 1
1142 597 1
253 257 1
253 264 1
253 484 1
253 968 1
253 1583 1
253 1350 1
1425 567 1
1425 1376 1
819 763 1
819 820 1
1071 485 1
1071 619 1
1071 1163 1
941 942 2
406 810 2
406 432 1
406 1580 1
406 1434 1
406 1584 1
406 1585 1
1125 1467 1
1143 1117 1
822 1513 2
1210 811 1
1210 1213 1
254 297 2
254 428 1
254 750 1
254 766 1
254 1450 1
254 1335 1
965 966 2
712 713 2
712 715 2
712 418 2
713 715 2
713 418 2
1152 1153 2
1152 1557 1
1152 1155 1
407 1049 1
407 421 1
407 785 1
407 1373 1
407 1374 1
407 313 1
407 1483 1
482 485 1
482 414 1
482 1566 1
482 1586 1
482 492 1
482 502 1
482 1587 1
482 1558 1
482 504 1
943 1036 1
1336 1471 2
1336 739 1
1336 874 1
1336 1472 1
1471 874 1
807 808 2
807 490 1
808 490 1
1083 1085 2
1083 487 2
1083 1089 1
255 1549 1
255 312 1
255 500 1
1506 1507 1
714 1458 1
714 1316 1
714 1588 1
408 682 2
408 419 1
408 685 1
408 442 1
256 484 2
256 792 1
256 1229 1
256 1072 1
256 1133 1
1262 1263 1
1262 1264 1
1262 326 1
257 1084 1
257 867 1
257 411 1
257 870 1
257 968 1
257 1057 1
257 1101 1
257 1058 1
257 1583 1
257 1231 1
257 1481 1
257 1377 1
257 1219 1
809 687 1
1077 1039 2
911 273 1
911 300 1
911 894 1
911 1581 1
911 729 1
911 878 1
911 1398 1
911 1131 1
911 1582 1
911 912 1
911 1189 1
1186 718 2
1186 1187 2
1186 1188 2
718 1187 2
718 1188 2
666 272 1
555 988 2
555 411 1
555 1473 1
555 1117 1
555 1478 1
988 411 1
988 415 1
988 1473 1
988 567 1
988 1117 1
988 873 1
988 572 1
259 1078 2
259 508 1
1084 1116 2
1084 409 1
1084 867 2
1084 415 1
1084 1087 2
1084 1088 2
1084 870 1
1084 488 1
1084 813 1
1084 1107 1
1084 1118 1
1084 1589 1
1084 1409 1
1084 1590 1
1116 415 1
1116 1107 1
1116 1118 1
1004 1005 2
1004 971 2
1004 1009 1
409 1085 1
409 417 2
409 1591 2
409 1592 2
409 783 1
409 1107 1
409 1593 1
409 1572 1
409 875 1
409 1568 1
409 1409 1
409 1322 1
409 1339 1
260 261 2
262 289 1
262 290 1
262 293 2
263 270 2
263 298 1
263 311 1
263 430 1
263 328 1
263 334 1
263 815 1
263 1594 1
810 1061 1
810 1063 1
810 1065 1
810 814 1
810 1351 1
810 1434 1
810 1584 1
810 1095 1
810 1353 1
810 362 1
810 1595 1
810 1585 1
1005 971 2
1005 870 2
1005 1009 1
1596 1597 2
1596 1598 2
1596 1599 2
1597 1598 2
1597 1599 2
867 1087 2
867 1088 2
867 990 1
971 1121 1
971 1600 1
971 1601 1
971 1009 1
971 880 1
971 1602 1
636 641 2
636 652 1
596 667 1
596 601 1
596 689 1
596 690 1
596 694 1
1549 727 1
556 265 2
738 1446 1
738 1447 1
840 410 1
840 944 1
840 844 1
840 1006 1
840 1007 1
840 1011 1
840 1012 1
1049 835 1
1049 1056 1
266 427 1
266 1064 1
266 990 1
266 499 1
266 1384 1
1312 559 2
1312 1313 2
1312 1314 1
667 1388 1
667 1393 1
410 944 2
410 844 2
410 1006 1
410 1007 1
410 949 1
410 448 1
410 1010 1
410 1011 1
410 953 1
267 566 1
267 1603 1
268 1364 1
269 932 1
269 1494 1
484 968 1
484 1350 1
715 418 2
270 298 1
270 1533 2
270 1604 2
270 311 1
270 328 1
270 1371 1
270 334 1
270 1605 1
411 944 2
411 488 1
411 894 1
411 312 1
411 1117 1
411 1488 1
411 873 1
411 497 1
411 572 1
411 1050 1
411 573 1
411 1120 1
411 1164 1
411 1055 1
411 1490 1
411 1121 1
411 579 1
411 1020 1
411 1169 1
411 1015 1
411 1016 1
411 1170 1
411 1165 1
411 1218 1
271 1042 1
271 1043 1
271 1044 1
271 1045 1
1606 1607 2
1606 1274 2
1606 1608 1
1607 1274 2
1607 1608 1
1031 412 2
1031 1033 1
412 1074 1
412 1033 1
412 340 1
412 346 1
412 1275 1
412 454 1
272 333 1
413 449 1
1187 1188 2
868 869 2
868 598 1
1289 1290 2
1289 1032 2
1289 1292 1
1290 1032 2
1290 1292 1
1188 600 1
1188 874 1
1188 497 1
1609 1485 2
1609 597 2
1609 1486 1
1609 1610 1
1609 1611 1
1609 1267 1
1609 1612 1
1485 597 1
1485 1486 2
1485 1611 1
1485 1267 1
1485 1612 1
761 764 1
761 772 1
761 774 1
1571 1573 1
1571 1574 1
1078 508 1
273 729 1
273 1398 1
274 330 1
275 276 2
275 435 1
485 414 2
485 1163 1
485 505 1
414 441 1
1039 490 1
1085 487 2
1085 1089 1
1085 1568 1
891 832 1
891 763 1
681 841 2
277 1613 2
277 449 1
277 1614 1
277 1547 1
277 1615 1
278 304 1
682 685 1
1598 1599 2
1599 1265 1
1599 1616 1
558 782 2
558 990 1
558 1508 1
558 1414 1
782 1240 1
782 1146 1
782 1364 1
782 798 1
1086 1512 1
1086 1558 1
279 1432 2
279 1469 1
1129 1130 2
280 741 1
1325 1326 2
1613 449 1
1613 1614 1
1613 1615 1
1175 1178 1
1175 1179 1
1175 1181 1
1144 1145 2
1144 813 1
1144 1147 1
1144 1150 1
1145 813 1
1145 1147 1
1145 1150 1
415 785 1
415 1107 1
415 567 1
415 432 1
415 1118 1
415 873 1
415 572 1
415 1073 1
415 441 1
415 901 1
415 443 1
415 445 1
415 907 1
811 815 1
683 686 1
683 1358 1
683 1359 1
559 1313 2
559 1314 1
559 1197 1
559 1158 1
616 560 1
1513 1516 1
1513 1517 1
1513 316 1
1513 1617 1
1513 1618 1
1513 1619 1
1513 362 1
1513 1620 1
892 1241 2
892 897 1
892 845 1
1241 845 1
1591 1592 2
1591 1107 1
1591 1593 1
1591 1621 1
1591 1622 1
1592 1107 1
1592 1593 1
972 973 2
285 290 1
285 1245 1
285 1433 1
1263 1264 2
1263 1553 1
1264 1553 1
1623 1074 2
1623 1624 2
1623 1625 1
1623 1626 1
1623 1627 1
1074 1624 1
1074 1625 1
1074 1627 1
1074 1464 1
418 437 1
418 439 1
418 1628 1
418 1629 1
1274 1608 1
1473 1474 1
1473 432 1
993 1394 2
993 637 1
993 994 2
993 995 1
993 1307 1
993 1630 1
993 1439 1
993 999 1
993 1309 1
993 1310 1
993 1311 1
993 1631 1
1394 1630 1
1394 1631 1
1087 1088 2
637 994 1
637 1308 1
287 728 1
419 430 1
419 451 1
419 1420 1
288 1295 1
832 763 2
832 909 1
289 290 2
289 293 1
290 293 1
932 1632 1
932 1633 1
291 560 1
1624 1625 1
1624 1626 1
1265 1616 2
1265 1227 1
1265 1634 1
1265 1635 1
1265 1617 1
1265 1636 1
1265 1637 1
1265 1638 1
1265 1639 1
1265 1523 1
668 669 2
944 843 1
944 844 1
944 894 1
944 1006 1
944 1007 1
944 1050 1
944 1120 1
944 1055 1
944 1121 1
944 949 1
944 1011 1
944 953 1
294 1640 2
294 1641 2
1640 1641 2
1091 1092 2
1091 306 1
1091 1094 1
1091 1095 1
1092 1313 1
1092 306 2
1092 751 1
1092 1094 1
1092 1095 1
1092 452 1
1642 1643 2
1642 918 1
1642 1644 1
1643 918 1
1643 1644 1
1305 1306 2
1305 1645 1
1306 996 1
1306 1645 1
763 770 1
763 909 1
561 567 1
561 933 1
561 934 1
561 935 1
561 1094 1
561 1646 1
561 1206 1
597 1610 1
597 1611 1
597 1267 1
421 426 1
421 429 1
421 567 1
421 313 1
421 1220 1
421 1221 1
421 1222 1
421 621 1
421 447 1
421 1223 1
297 428 1
297 750 1
297 342 1
297 1450 1
298 311 1
298 1579 1
298 1410 1
870 879 1
870 884 1
1515 1276 1
739 740 2
739 1647 1
739 1298 1
739 1648 1
740 1647 1
740 1285 1
740 1286 1
740 1298 1
740 1648 1
617 1349 1
854 1649 1
854 351 1
854 1650 1
1533 1604 1
1533 1605 1
1616 1635 1
1417 1418 1
1417 1419 1
1313 306 1
1313 1314 1
1313 751 1
1313 452 1
994 995 1
994 1307 1
994 1309 1
994 1310 1
994 1311 1
639 640 2
639 645 1
639 648 1
640 689 1
640 997 1
640 645 1
640 648 1
300 1240 1
300 792 1
300 318 1
300 319 1
300 327 1
300 912 1
300 353 1
487 1089 1
1032 1292 1
302 335 1
302 1246 1
1061 1063 1
1061 1064 1
1061 1065 1
1061 572 1
1061 1066 1
1061 1257 1
1036 855 1
1604 1371 1
1604 1605 1
599 802 1
599 803 1
1153 1557 1
1153 1155 1
784 785 1
784 786 1
784 567 1
784 788 1
784 789 1
784 793 1
784 795 1
784 799 1
784 1040 1
784 1020 1
784 801 1
784 881 1
488 813 1
488 790 1
488 495 1
488 873 1
488 899 1
488 1651 1
488 797 1
488 1652 1
488 507 1
488 1653 1
488 1654 1
1276 1277 1
1486 1612 1
304 494 1
823 824 2
823 827 1
823 829 1
995 1307 1
995 999 1
995 1309 1
995 1310 1
995 1311 1
946 951 1
946 1038 1
785 1373 1
785 1374 1
785 432 1
785 794 1
785 324 1
785 1217 1
785 901 1
785 907 1
785 1463 1
871 872 2
1154 490 1
1154 1156 1
1154 1157 1
968 1350 1
968 1219 1
618 623 1
1166 913 1
1166 1189 1
562 563 2
562 568 1
562 571 1
563 568 1
563 571 1
1278 582 1
1432 1469 1
844 1006 1
844 1007 1
844 855 1
844 1011 1
844 857 1
306 751 1
306 452 1
306 1198 1
686 691 1
489 1018 1
824 827 1
824 829 1
764 772 1
307 898 1
307 1282 1
307 852 1
893 898 1
893 1090 1
893 1655 1
893 1656 1
1240 792 1
1240 900 1
1240 1402 1
1240 1411 1
918 922 1
918 923 1
918 1657 1
918 928 1
918 1658 1
1314 1521 1
1314 1659 1
1062 1067 1
813 1147 1
813 451 1
813 1150 1
1291 1293 1
833 834 1
1373 1374 1
426 429 1
426 447 1
894 899 1
894 1050 1
894 1304 1
894 575 1
894 1055 1
894 1099 1
894 878 1
894 1131 1
894 1660 1
894 906 1
786 788 1
786 789 1
786 793 1
786 795 1
786 799 1
786 801 1
920 921 1
787 804 1
490 1156 1
490 1482 1
1006 1007 1
1006 1011 1
1007 1011 1
1516 1517 1
428 750 1
428 435 1
750 751 1
750 752 1
750 753 1
750 1266 1
750 754 1
750 755 1
750 880 1
750 1661 1
1512 933 1
1512 1567 1
1512 1568 1
1512 1558 1
689 690 1
689 997 1
689 694 1
855 857 1
1566 1586 1
1566 1587 1
1566 1558 1
1566 1569 1
1566 1570 1
1586 1587 1
1586 1558 1
1542 1544 1
1387 1389 1
1387 1390 1
1387 1391 1
1387 1392 1
429 447 1
566 1603 1
1536 1552 1
1536 1554 1
1536 1555 1
1536 1537 1
1552 1554 1
1552 1555 1
1107 1118 1
1107 1110 1
1107 1111 1
1107 1112 1
1581 1582 1
1524 1525 1
1524 1526 1
1524 1527 1
1524 1528 1
1524 1530 1
1524 1104 1
312 1662 1
312 1663 1
567 1220 1
567 873 1
567 572 1
567 1221 1
567 1222 1
567 621 1
567 1664 1
567 798 1
567 1040 1
567 1020 1
567 1223 1
567 1665 1
567 1666 1
922 923 1
922 928 1
690 694 1
1195 1196 1
751 752 1
751 753 1
751 754 1
751 755 1
751 452 1
1042 1043 1
1042 1044 1
1042 1045 1
1043 1044 1
1043 1045 1
742 743 1
430 1594 1
430 451 1
1667 1668 1
1667 1669 1
1668 1669 1
568 571 1
788 789 1
788 793 1
788 795 1
788 799 1
788 801 1
789 793 1
789 795 1
789 799 1
789 801 1
1176 1177 1
1176 1180 1
1176 1338 1
1176 1183 1
1177 1180 1
1177 1183 1
1525 1526 1
1525 1527 1
1525 1528 1
1525 1530 1
1525 1104 1
790 797 1
896 900 1
1435 1436 1
1435 1437 1
1435 1438 1
1435 1441 1
1435 1443 1
1436 1437 1
1436 1438 1
1436 1441 1
1436 1443 1
1526 1527 1
1526 1528 1
1526 1530 1
1526 1104 1
1063 1065 1
1492 1493 1
1492 1495 1
1493 1495 1
1108 1109 1
1108 1382 1
1108 1229 1
947 316 1
1327 1064 1
1327 1328 1
1327 1329 1
1327 1330 1
1327 1331 1
957 958 1
957 959 1
957 960 1
492 502 1
492 504 1
1299 1300 1
1474 432 1
752 753 1
752 754 1
752 755 1
791 800 1
1670 1671 1
1670 1672 1
1670 1673 1
1671 1672 1
1671 1673 1
493 498 1
1375 1674 1
1375 494 1
1375 1376 1
1674 1376 1
1674 729 1
1674 1675 1
432 1580 1
432 1341 1
432 1342 1
432 1343 1
432 901 1
432 907 1
432 1344 1
1382 1057 1
1382 1229 1
1382 1279 1
313 363 1
1093 1064 1
1093 1304 1
1093 1676 1
1093 1096 1
1064 572 1
1064 1328 1
1064 1304 1
1064 990 1
1064 499 1
1064 1066 1
1064 1329 1
1064 1330 1
1064 1331 1
1064 1676 1
1044 1045 1
1677 1307 1
1677 1678 1
1307 1309 1
1307 1310 1
1307 1311 1
1307 1678 1
1376 1377 1
1589 1590 1
1475 1476 1
1475 1479 1
1476 1479 1
1234 1235 1
1234 1236 1
495 507 1
1488 1490 1
1220 1221 1
1220 1222 1
1220 621 1
1220 1223 1
873 572 1
1437 1438 1
1437 1441 1
1437 1443 1
569 570 1
569 583 1
570 583 1
1679 1680 1
1679 1681 1
1680 1681 1
1178 1179 1
1682 1683 1
1682 1684 1
1683 1684 1
1649 351 1
1649 1650 1
899 906 1
434 1685 1
434 1686 1
434 457 1
1301 1302 1
315 1561 1
792 1229 1
1672 1673 1
729 1398 1
729 1675 1
1421 1422 1
1421 929 1
1421 1423 1
1451 1452 1
856 858 1
318 319 1
318 327 1
318 353 1
318 1413 1
318 1687 1
319 327 1
319 353 1
319 1448 1
835 1056 1
874 497 1
874 878 1
874 883 1
874 885 1
321 1688 1
321 1689 1
793 795 1
793 799 1
793 801 1
1341 1342 1
1341 1343 1
1341 1344 1
1403 1404 1
1403 1405 1
1403 1406 1
976 977 1
744 749 1
923 928 1
1647 1298 1
1647 1648 1
997 1001 1
933 934 1
933 935 1
933 1133 1
933 1556 1
934 935 1
1245 1433 1
1245 1247 1
1662 1690 1
1662 1691 1
1662 1663 1
1690 1692 1
1690 1693 1
1690 769 1
1690 1694 1
1690 1695 1
1690 1691 1
497 572 1
497 573 1
753 754 1
753 755 1
1136 1696 1
1136 1225 1
1136 1140 1
1696 1225 1
1518 1519 1
1438 1441 1
1438 1443 1
1355 1360 1
1319 1320 1
794 324 1
1356 1357 1
1651 1652 1
1651 1653 1
1651 1654 1
571 1365 1
571 1080 1
322 326 1
572 573 1
572 1066 1
572 1477 1
572 907 1
572 1697 1
572 1698 1
572 1699 1
572 1345 1
572 1346 1
1050 1055 1
1227 1634 1
1227 1638 1
1634 1638 1
1228 1231 1
1057 1279 1
1057 1058 1
1422 929 1
1422 1423 1
1229 1230 1
1527 1528 1
1527 1530 1
1527 1104 1
1528 1530 1
1528 1104 1
1328 1329 1
1328 1330 1
1328 1331 1
1415 1416 1
924 1562 1
924 1563 1
924 925 1
924 927 1
924 1564 1
1285 1286 1
1285 1700 1
1285 1701 1
1702 1703 1
1702 1704 1
1703 1704 1
863 998 1
863 325 1
323 359 1
1630 1631 1
1705 1706 1
1705 1707 1
1706 1707 1
1051 1052 1
1304 1676 1
573 1053 1
573 1054 1
1053 1054 1
437 439 1
1147 1150 1
1221 1222 1
1221 621 1
1221 1223 1
1013 1014 1
1222 621 1
1222 1223 1
846 671 1
1439 999 1
999 648 1
999 1708 1
999 1631 1
999 1709 1
602 605 1
1235 1236 1
1562 1563 1
1562 1564 1
1563 1564 1
1710 1711 1
1710 1712 1
1711 1712 1
730 732 1
1098 1099 1
1098 1217 1
1098 851 1
1098 1412 1
1497 1498 1
1497 1499 1
1498 1499 1
1520 1521 1
1520 1522 1
575 577 1
575 1316 1
575 1660 1
1308 1310 1
1308 652 1
1530 1104 1
767 768 1
1120 1121 1
1164 1165 1
1611 1267 1
1309 1310 1
1309 1311 1
1713 1714 1
1713 1386 1
1714 1386 1
925 927 1
1342 1343 1
1342 1344 1
795 799 1
795 801 1
1440 1444 1
1343 1344 1
327 353 1
980 982 1
328 334 1
643 644 1
621 1223 1
990 499 1
990 1414 1
926 929 1
969 970 1
969 1715 1
969 1716 1
1458 1316 1
1458 1588 1
1458 1459 1
1684 1521 1
1684 1717 1
1684 1718 1
1684 1719 1
1521 1535 1
1521 1522 1
1521 1717 1
1521 1718 1
1521 1719 1
1521 1659 1
876 882 1
1720 1721 1
1720 1722 1
1721 1722 1
974 877 1
974 1046 1
1351 1353 1
1723 1724 1
1723 1725 1
1724 1725 1
1657 1658 1
958 1489 1
958 959 1
958 960 1
1692 1693 1
1692 769 1
1692 1694 1
1692 1695 1
1693 769 1
1693 1694 1
1693 1695 1
1110 1111 1
1110 1112 1
1094 1095 1
1094 1646 1
499 578 1
499 579 1
499 581 1
1121 1602 1
1550 1302 1
1550 1551 1
1503 1504 1
900 1402 1
1664 798 1
1664 1665 1
1664 1666 1
1652 1653 1
1652 1654 1
798 1665 1
798 1666 1
878 1131 1
878 883 1
878 885 1
336 1386 1
1148 1149 1
502 504 1
1138 1139 1
928 936 1
1217 851 1
1217 1412 1
1217 1463 1
1465 1466 1
692 693 1
949 953 1
1282 852 1
1600 1601 1
816 351 1
1404 1405 1
1404 1406 1
1405 1406 1
1587 1558 1
1460 1461 1
929 1423 1
1688 1689 1
578 579 1
578 581 1
579 581 1
1329 1330 1
1329 1331 1
1617 1636 1
1617 1618 1
1617 1637 1
1617 1639 1
1636 1637 1
1636 1639 1
1454 1455 1
1454 1457 1
1455 1457 1
1395 1396 1
1395 1397 1
1567 1568 1
340 454 1
732 1034 1
959 960 1
1538 1539 1
1480 1482 1
1584 1585 1
503 506 1
1726 1727 1
1726 1728 1
1727 1728 1
848 1424 1
848 850 1
848 851 1
342 1531 1
901 907 1
879 884 1
1729 1730 1
1729 1731 1
1730 1731 1
981 694 1
981 1484 1
1396 1397 1
1296 1297 1
799 801 1
1732 1733 1
1732 1734 1
1733 1734 1
443 445 1
1504 1132 1
1504 1735 1
1132 1735 1
950 952 1
603 1505 1
769 1694 1
769 1695 1
1500 1501 1
1500 1502 1
1501 1502 1
1352 1736 1
1352 1644 1
1736 1644 1
1019 1020 1
1040 1020 1
582 587 1
1694 1695 1
1337 1338 1
1316 1588 1
1302 1551 1
1509 1095 1
1358 1359 1
754 755 1
1737 1738 1
1737 1739 1
1737 1740 1
1738 1739 1
1738 1740 1
584 1209 1
1180 1183 1
1388 1393 1
1310 1311 1
1310 652 1
1211 1212 1
345 354 1
1246 1249 1
1169 1170 1
1441 1443 1
1111 1112 1
725 726 1
346 1275 1
1298 1426 1
1298 1427 1
1298 1648 1
902 903 1
694 1442 1
694 1741 1
1267 1268 1
1267 1269 1
1268 1269 1
1389 1390 1
1389 1391 1
1389 1392 1
746 747 1
1481 1377 1
645 648 1
1015 1016 1
1700 1701 1
771 1449 1
1717 1718 1
1717 1719 1
1103 1105 1
1330 1331 1
1665 1666 1
1569 1570 1
880 1661 1
1742 1743 1
1742 1744 1
1742 1745 1
1743 1744 1
1743 1745 1
1442 1741 1
1442 1393 1
1426 1427 1
1746 1747 1
1746 1748 1
1747 1748 1
1280 1281 1
1390 1391 1
1390 1392 1
1685 1686 1
850 851 1
1510 1511 1
1744 1745 1
1095 1595 1
350 356 1
1430 1431 1
1378 1379 1
1322 1496 1
1367 1368 1
756 757 1
648 1708 1
648 1631 1
648 1709 1
351 1428 1
351 1650 1
1718 1719 1
449 1614 1
802 803 1
1559 1560 1
1749 1750 1
1749 1751 1
1750 1751 1
1160 1161 1
1752 1753 1
1752 1754 1
1753 1754 1
1637 1639 1
851 1412 1
510 517 1
1708 1631 1
1708 1709 1
1554 1555 1
1755 1756 1
1755 1757 1
1756 1757 1
1283 1284 1
1739 1740 1
1224 1225 1
1347 1348 1
1391 1392 1
907 1698 1
1653 1654 1
452 453 1
1324 1758 1
1324 1759 1
1324 360 1
1758 1759 1
453 1450 1
453 1760 1
1450 1760 1
1655 1656 1
1761 1762 1
1761 1763 1
1762 1763 1
1697 1699 1
1632 1633 1
1764 1765 1
1764 1766 1
1765 1766 1
1631 1709 1
1619 362 1
1619 1620 1
817 818 1
653 654 1
1545 1546 1
1059 1060 1
1462 1463 1
1468 1469 1
852 1243 1
1413 1687 1
1214 1216 1
1255 1256 1
883 885 1
1133 1556 1
916 917 1
1715 1716 1
1345 1346 1
1628 1629 1
362 1620 1
1767 1768 1
1767 1769 1
1768 1769 1
962 963 1
1621 1622 1
1770 1771 1
1770 1772 1
1771 1772 1
1399 1400 1
