70
0 1 1
0 2 3
0 3 1
0 4 1
0 5 1
0 6 4
0 7 1
0 8 1
0 10 4
0 11 1
0 12 1
0 13 2
0 14 2
0 15 2
0 17 2
0 18 1
0 23 1
0 24 1
0 27 1
0 29 1
0 30 1
0 32 1
0 39 2
0 40 2
0 43 1
0 49 1
0 56 1
0 57 1
0 60 1
1 0 1
1 2 1
2 0 3
2 1 1
2 3 1
2 4 1
2 6 3
2 7 1
2 8 1
2 10 2
2 11 1
2 12 1
2 13 1
2 14 1
2 15 1
2 17 2
2 18 1
2 23 1
2 24 1
2 27 1
2 29 1
2 30 1
2 32 1
2 39 1
2 40 2
2 43 1
2 56 1
2 57 1
2 60 1
3 0 1
3 2 1
3 4 1
3 18 1
3 23 1
3 27 1
3 29 1
3 30 1
3 32 1
3 40 1
4 0 1
4 2 1
4 3 1
4 18 1
4 23 1
4 27 1
4 29 1
4 30 1
4 32 1
4 40 1
5 0 1
5 18 1
5 19 1
5 38 1
5 39 1
5 43 1
5 53 1
6 0 4
6 2 3
6 7 1
6 9 1
6 10 3
6 11 1
6 12 1
6 13 1
6 14 2
6 15 2
6 17 3
6 29 1
6 39 1
6 40 1
6 43 1
6 49 1
6 52 1
6 55 1
6 56 2
6 57 2
6 58 1
6 60 1
7 0 1
7 2 1
7 6 1
7 8 1
7 9 2
7 24 1
8 0 1
8 2 1
8 7 1
8 24 1
9 6 1
9 7 2
10 0 4
10 2 2
10 6 3
10 11 1
10 12 1
10 13 1
10 14 2
10 15 1
10 17 2
10 29 1
10 39 1
10 40 1
10 43 1
10 48 1
10 49 1
10 56 1
10 57 1
10 60 2
11 0 1
11 2 1
11 6 1
11 10 1
11 12 1
11 13 1
11 14 1
11 15 1
11 17 1
11 57 1
12 0 1
12 2 1
12 6 1
12 10 1
12 11 1
12 13 1
12 14 2
12 15 2
12 17 1
12 57 1
13 0 2
13 2 1
13 6 1
13 10 1
13 11 1
13 12 1
13 14 3
13 15 2
13 17 1
13 57 1
14 0 2
14 2 1
14 6 2
14 10 2
14 11 1
14 12 2
14 13 3
14 15 3
14 17 1
14 57 1
14 58 1
15 0 2
15 2 1
15 6 2
15 10 1
15 11 1
15 12 2
15 13 2
15 14 3
15 17 1
15 57 1
15 59 1
17 0 2
17 2 2
17 6 3
17 10 2
17 11 1
17 12 1
17 13 1
17 14 1
17 15 1
17 39 1
17 40 1
17 43 1
17 53 1
17 56 1
17 57 1
17 60 1
18 0 1
18 2 1
18 3 1
18 4 1
18 5 1
18 23 1
18 27 1
18 29 1
18 30 1
18 32 1
18 35 1
18 36 1
18 40 1
18 42 1
18 50 1
19 5 1
19 21 1
19 22 1
19 23 1
19 35 1
19 36 1
20 22 1
20 34 1
20 51 1
20 62 1
20 63 1
20 64 1
20 65 1
20 66 1
21 19 1
21 23 1
21 35 1
21 36 1
21 62 1
22 19 1
22 20 1
22 23 1
23 0 1
23 2 1
23 3 1
23 4 1
23 18 1
23 19 1
23 21 1
23 22 1
23 27 1
23 29 1
23 30 1
23 32 1
23 35 1
23 36 1
23 40 1
23 41 1
24 0 1
24 2 1
24 7 1
24 8 1
24 26 1
24 37 1
24 54 1
24 55 1
26 24 1
26 37 1
26 54 1
26 55 1
27 0 1
27 2 1
27 3 1
27 4 1
27 18 1
27 23 1
27 29 1
27 30 1
27 32 1
27 40 1
27 60 1
29 0 1
29 2 1
29 3 1
29 4 1
29 6 1
29 10 1
29 18 1
29 23 1
29 27 1
29 30 1
29 32 1
29 40 1
30 0 1
30 2 1
30 3 1
30 4 1
30 18 1
30 23 1
30 27 1
30 29 1
30 31 1
30 32 1
30 33 1
30 40 1
30 61 1
30 62 1
31 30 1
31 32 1
31 33 1
32 0 1
32 2 1
32 3 1
32 4 1
32 18 1
32 23 1
32 27 1
32 29 1
32 30 1
32 31 1
32 33 1
32 40 1
33 30 1
33 31 1
33 32 1
33 62 1
33 69 1
34 20 1
34 63 1
34 64 1
34 65 1
34 66 1
35 18 1
35 19 1
35 21 1
35 23 1
35 36 1
36 18 1
36 19 1
36 21 1
36 23 1
36 35 1
37 24 1
37 26 1
37 54 1
37 55 1
38 5 1
38 60 1
39 0 2
39 2 1
39 5 1
39 6 1
39 10 1
39 17 1
39 40 1
39 43 1
39 56 1
39 60 1
39 62 1
40 0 2
40 2 2
40 3 1
40 4 1
40 6 1
40 10 1
40 17 1
40 18 1
40 23 1
40 27 1
40 29 1
40 30 1
40 32 1
40 39 1
40 43 1
40 56 1
40 60 1
41 23 1
42 18 1
43 0 1
43 2 1
43 5 1
43 6 1
43 10 1
43 17 1
43 39 1
43 40 1
43 56 1
43 60 1
44 62 1
48 10 1
49 0 1
49 6 1
49 10 1
49 60 1
50 18 1
51 20 1
52 6 1
53 5 1
53 17 1
54 24 1
54 26 1
54 37 1
54 55 2
55 6 1
55 24 1
55 26 1
55 37 1
55 54 2
55 59 1
56 0 1
56 2 1
56 6 2
56 10 1
56 17 1
56 39 1
56 40 1
56 43 1
57 0 1
57 2 1
57 6 2
57 10 1
57 11 1
57 12 1
57 13 1
57 14 1
57 15 1
57 17 1
58 6 1
58 14 1
59 15 1
59 55 1
60 0 1
60 2 1
60 6 1
60 10 2
60 17 1
60 27 1
60 38 1
60 39 1
60 40 1
60 43 1
60 49 1
60 67 1
60 68 1
61 30 1
62 20 1
62 21 1
62 30 1
62 33 1
62 39 1
62 44 1
62 63 1
62 64 1
62 65 1
62 66 1
62 69 1
63 20 1
63 34 1
63 62 1
63 64 1
63 65 1
63 66 1
64 20 1
64 34 1
64 62 1
64 63 1
64 65 1
64 66 1
65 20 1
65 34 1
65 62 1
65 63 1
65 64 1
65 66 1
66 20 1
66 34 1
66 62 1
66 63 1
66 64 1
66 65 1
67 60 1
67 68 1
68 60 1
68 67 1
69 33 1
69 62 1
