115
0 114 1
2 1 1
3 114 1
4 3 1
4 2 1
5 1 1
6 5 1
7 6 1
8 7 1
8 114 1
8 3 1
9 4 1
10 9 1
10 4 1
10 2 1
12 11 1
12 1 1
13 1 1
13 11 1
14 13 1
14 12 1
14 1 1
15 3 1
15 8 1
15 114 1
16 15 1
16 11 1
17 11 1
18 17 1
19 16 1
20 19 1
20 7 1
20 6 1
21 8 1
21 6 1
21 20 1
21 7 1
22 21 1
22 8 1
22 3 1
22 15 1
22 114 1
23 10 1
24 23 1
24 0 1
25 2 1
25 11 1
25 13 1
26 25 1
26 16 1
26 0 1
27 3 1
27 10 1
27 23 1
28 18 1
29 28 1
29 18 1
30 17 1
31 30 1
31 20 1
31 14 1
31 12 1
31 5 1
32 114 1
32 0 1
32 24 1
32 18 1
33 30 1
33 25 1
33 11 1
33 17 1
34 33 1
34 114 1
34 28 1
34 18 1
34 29 1
35 17 1
35 11 1
35 19 1
35 18 1
36 35 1
36 0 1
36 24 1
36 32 1
37 17 1
37 15 1
37 27 1
37 25 1
37 13 1
37 11 1
38 37 1
38 5 1
38 31 1
38 12 1
38 14 1
39 6 1
39 2 1
40 39 1
40 7 1
40 3 1
40 22 1
40 8 1
40 114 1
40 15 1
41 33 1
41 28 1
41 17 1
41 25 1
42 41 1
42 35 1
42 25 1
42 30 1
42 37 1
42 11 1
42 13 1
43 18 1
43 34 1
43 29 1
44 43 1
44 12 1
44 32 1
44 0 1
44 36 1
44 24 1
45 20 1
46 45 1
46 21 1
46 5 1
46 14 1
46 1 1
46 38 1
46 31 1
47 43 1
48 47 1
48 31 1
48 45 1
49 29 1
49 23 1
49 10 1
49 27 1
50 49 1
50 39 1
50 7 1
50 21 1
50 20 1
51 2 1
51 39 1
51 4 1
52 51 1
52 24 1
52 47 1
52 48 1
52 45 1
53 38 1
53 30 1
53 37 1
53 13 1
53 33 1
53 17 1
54 53 1
54 30 1
54 5 1
54 34 1
54 28 1
54 18 1
54 29 1
55 26 1
56 55 1
56 0 1
56 41 1
56 43 1
56 47 1
57 2 1
57 5 1
57 16 1
57 35 1
58 35 1
58 57 1
59 58 1
59 9 1
59 38 1
59 5 1
59 46 1
59 12 1
59 14 1
59 1 1
60 42 1
60 46 1
60 53 1
60 17 1
60 25 1
60 30 1
60 33 1
61 60 1
61 19 1
61 44 1
61 16 1
61 26 1
61 55 1
62 26 1
62 57 1
62 58 1
62 41 1
63 62 1
63 8 1
63 31 1
63 59 1
63 1 1
63 5 1
63 46 1
63 12 1
64 114 1
64 26 1
64 16 1
64 62 1
64 55 1
64 19 1
65 64 1
65 58 1
65 23 1
65 43 1
65 47 1
66 15 1
66 40 1
66 45 1
66 52 1
66 48 1
67 66 1
67 14 1
67 49 1
67 20 1
67 50 1
67 6 1
67 21 1
67 7 1
68 3 1
68 23 1
68 27 1
68 49 1
68 10 1
69 68 1
69 42 1
69 64 1
69 19 1
69 55 1
69 61 1
69 26 1
70 59 1
70 17 1
70 13 1
70 33 1
70 53 1
70 37 1
70 60 1
70 30 1
71 70 1
71 1 1
71 9 1
71 2 1
71 39 1
71 51 1
72 6 1
72 48 1
72 52 1
72 66 1
72 45 1
73 72 1
73 1 1
73 71 1
73 4 1
73 9 1
73 51 1
73 2 1
73 39 1
74 19 1
74 65 1
74 47 1
74 56 1
74 43 1
75 74 1
75 26 1
75 58 1
75 19 1
75 69 1
75 65 1
75 55 1
75 61 1
76 72 1
76 21 1
76 6 1
76 50 1
76 20 1
76 7 1
77 76 1
77 22 1
77 49 1
77 27 1
77 21 1
77 7 1
77 67 1
77 6 1
77 50 1
78 30 1
78 42 1
78 29 1
78 18 1
78 28 1
78 34 1
78 54 1
79 78 1
79 36 1
79 28 1
80 15 1
80 4 1
80 39 1
80 9 1
80 71 1
80 2 1
81 80 1
81 73 1
81 38 1
81 76 1
81 79 1
81 29 1
81 28 1
81 6 1
82 52 1
82 80 1
82 68 1
82 72 1
82 45 1
82 66 1
82 48 1
83 82 1
83 23 1
83 48 1
83 51 1
83 2 1
83 73 1
83 9 1
83 80 1
83 4 1
83 2 1
84 5 1
84 13 1
84 37 1
84 42 1
84 79 1
84 11 1
84 25 1
84 30 1
85 43 1
85 52 1
85 74 1
85 56 1
85 47 1
85 79 1
85 65 1
86 85 1
86 16 1
86 61 1
86 55 1
86 23 1
86 19 1
86 64 1
87 48 1
87 57 1
87 82 1
87 68 1
87 45 1
87 52 1
87 72 1
87 66 1
88 87 1
88 0 1
88 36 1
88 24 1
88 32 1
88 54 1
88 44 1
89 4 1
89 7 1
89 22 1
89 114 1
89 10 1
89 49 1
89 23 1
89 68 1
89 27 1
90 28 1
90 47 1
90 65 1
90 68 1
90 43 1
90 85 1
90 56 1
90 79 1
91 90 1
91 34 1
91 14 1
91 85 1
91 47 1
91 56 1
91 60 1
91 65 1
91 74 1
92 114 1
92 22 1
92 79 1
92 15 1
92 3 1
92 81 1
92 90 1
92 40 1
92 8 1
93 33 1
93 18 1
93 54 1
93 78 1
93 79 1
93 28 1
93 29 1
93 81 1
93 34 1
94 69 1
94 68 1
94 75 1
94 61 1
94 55 1
94 26 1
94 16 1
94 86 1
94 36 1
95 47 1
95 16 1
95 75 1
95 26 1
95 55 1
95 64 1
95 19 1
95 86 1
96 4 1
96 85 1
96 57 1
96 10 1
96 58 1
96 62 1
97 96 1
97 76 1
97 47 1
97 83 1
97 39 1
97 9 1
97 4 1
97 51 1
97 80 1
98 88 1
98 33 1
98 13 1
98 84 1
98 53 1
98 17 1
98 30 1
98 60 1
98 70 1
98 13 1
99 98 1
99 81 1
99 12 1
99 1 1
99 14 1
99 31 1
99 63 1
99 46 1
99 38 1
99 5 1
100 50 1
100 29 1
100 93 1
100 0 1
100 78 1
100 57 1
100 18 1
100 54 1
100 34 1
100 28 1
101 99 1
101 73 1
101 51 1
101 97 1
101 71 1
101 39 1
101 9 1
101 2 1
102 101 1
102 32 1
102 44 1
102 24 1
102 88 1
102 36 1
102 0 1
102 69 1
103 71 1
103 10 1
103 114 1
103 92 1
103 66 1
103 40 1
103 15 1
103 86 1
103 22 1
103 3 1
103 8 1
104 88 1
104 102 1
104 32 1
104 61 1
104 36 1
104 44 1
104 0 1
104 79 1
104 24 1
105 24 1
105 55 1
105 91 1
105 1 1
105 12 1
105 31 1
105 59 1
105 5 1
105 63 1
105 14 1
105 38 1
106 87 1
106 74 1
106 97 1
106 101 1
106 71 1
106 39 1
106 80 1
106 4 1
106 9 1
106 83 1
107 3 1
107 8 1
107 6 1
107 50 1
107 76 1
107 20 1
107 77 1
107 21 1
107 67 1
108 78 1
108 29 1
108 62 1
108 0 1
108 32 1
108 102 1
108 104 1
108 44 1
108 24 1
108 88 1
108 36 1
109 66 1
109 12 1
109 23 1
109 79 1
109 87 1
109 48 1
109 72 1
109 45 1
109 82 1
109 52 1
110 22 1
110 63 1
110 45 1
110 77 1
110 7 1
110 20 1
110 50 1
110 6 1
110 107 1
110 67 1
110 76 1
111 51 1
111 95 1
111 96 1
111 56 1
111 65 1
111 62 1
111 43 1
111 91 1
111 74 1
111 90 1
112 27 1
112 19 1
112 94 1
112 58 1
112 69 1
112 16 1
112 86 1
112 75 1
112 64 1
112 95 1
113 82 1
113 87 1
113 109 1
113 52 1
113 48 1
113 72 1
113 45 1
113 66 1
113 57 1
113 14 1
113 103 1
