43
0 4 2
0 5 4
0 7 1
0 14 2
0 15 1
0 17 1
0 20 1
0 24 1
0 25 2
0 28 1
0 29 2
0 35 1
0 37 1
0 40 1
0 41 1
1 2 1
1 4 2
1 5 2
1 6 3
1 7 1
1 16 2
1 38 1
2 4 12
2 5 10
2 6 18
2 7 1
2 13 1
2 14 6
2 16 1
2 19 3
2 20 1
2 29 1
2 31 1
2 35 1
2 36 1
2 37 2
3 5 3
3 6 1
3 10 1
3 13 2
3 16 2
3 37 1
3 42 1
4 5 47
4 6 17
4 7 7
4 10 1
4 11 1
4 13 8
4 14 29
4 15 2
4 16 5
4 17 1
4 20 5
4 21 1
4 22 2
4 23 2
4 25 4
4 28 3
4 29 6
4 30 8
4 31 3
4 37 11
4 38 1
4 40 7
4 42 3
5 6 28
5 7 17
5 10 6
5 13 16
5 14 38
5 15 5
5 16 17
5 17 2
5 19 1
5 20 3
5 23 3
5 24 2
5 25 8
5 28 3
5 29 5
5 30 17
5 31 5
5 32 1
5 33 1
5 34 1
5 37 18
5 38 2
5 39 1
5 40 10
5 41 2
5 42 5
6 7 15
6 12 1
6 13 7
6 14 20
6 15 7
6 16 9
6 17 1
6 19 3
6 20 2
6 21 1
6 22 2
6 23 1
6 25 5
6 29 4
6 30 4
6 31 1
6 33 2
6 34 2
6 36 1
6 37 5
6 38 4
6 40 2
6 41 1
7 11 1
7 14 14
7 15 2
7 16 4
7 23 1
7 25 2
7 30 6
7 33 1
7 35 1
7 37 2
7 40 1
8 9 3
8 11 2
8 12 4
8 17 2
8 18 4
8 22 1
8 24 4
8 26 3
8 27 1
8 34 1
9 12 4
9 18 2
9 24 1
9 26 1
9 27 1
9 28 1
10 13 1
10 14 2
10 30 1
10 37 1
11 12 3
11 14 2
11 16 2
11 17 6
11 18 5
11 21 5
11 22 4
11 23 5
11 24 1
11 25 3
11 26 4
11 28 1
11 33 5
11 34 5
11 39 1
11 42 1
12 17 2
12 18 3
12 20 1
12 22 1
12 24 4
12 25 1
12 26 1
12 27 17
12 28 6
12 29 1
12 32 6
12 33 15
12 34 13
12 35 3
12 41 2
13 14 1
13 16 7
13 19 1
13 20 1
13 25 1
13 29 1
13 30 1
13 37 4
13 38 2
13 40 1
13 42 3
14 15 5
14 16 8
14 19 1
14 20 2
14 21 2
14 23 1
14 25 13
14 28 1
14 29 1
14 30 16
14 31 1
14 33 1
14 36 1
14 37 7
14 40 4
14 42 2
15 16 1
15 22 1
15 25 1
15 38 2
15 40 1
16 25 2
16 26 1
16 30 2
16 37 2
16 38 1
16 40 2
16 42 3
17 18 2
17 20 2
17 21 2
17 22 3
17 23 1
17 24 2
17 25 2
17 26 2
17 27 1
17 28 4
17 29 1
17 31 1
17 32 1
17 33 2
17 34 3
17 35 2
17 39 1
17 41 1
17 42 1
18 21 2
18 22 2
18 23 2
18 24 1
18 26 4
18 34 1
19 25 1
20 23 4
20 24 2
20 25 3
20 27 2
20 28 4
20 29 1
20 33 1
20 34 1
20 36 3
20 37 2
20 41 1
20 42 2
21 22 6
21 23 9
21 24 1
21 25 1
21 26 1
21 28 2
22 23 6
22 24 1
22 26 1
22 27 1
22 30 1
22 32 1
22 33 4
22 34 2
23 24 1
23 25 1
23 26 1
23 28 8
23 33 2
23 34 2
23 36 1
23 38 1
24 25 1
24 26 1
24 27 7
24 28 4
24 29 1
24 32 1
24 33 3
24 34 2
24 35 3
24 41 3
24 42 2
25 28 1
25 29 1
25 33 1
25 34 1
25 37 2
25 40 1
25 41 1
25 42 2
26 34 1
27 28 6
27 32 6
27 33 12
27 34 10
27 35 2
27 41 2
28 29 2
28 32 2
28 33 3
28 34 3
28 35 2
28 36 1
28 37 1
28 38 1
28 39 2
28 41 3
29 30 1
29 35 1
29 37 2
29 41 1
30 37 1
30 40 7
31 36 1
31 37 1
32 33 9
32 34 8
32 39 1
33 34 22
33 35 2
33 39 1
33 41 2
34 35 2
34 39 1
34 41 2
35 41 2
35 42 2
37 39 1
37 40 2
37 42 2
41 42 1
