1589
0 1588 2.5
2 1 0.25
3 1 0.25
3 2 0.25
4 1 0.25
4 2 0.25
4 3 0.25
5 1 0.25
5 2 0.25
5 3 0.25
5 4 0.25
7 6 1
8 6 3.16667
9 6 1.16667
9 8 1.16667
10 6 0.666667
10 9 0.666667
10 8 0.666667
12 11 0.333333
13 11 0.333333
13 12 0.333333
14 11 0.333333
14 12 0.333333
14 13 0.333333
16 15 0.5
17 15 0.5
17 16 0.5
20 19 0.5
21 19 0.5
21 20 0.5
23 22 0.5
24 22 0.5
24 23 2.33333
27 26 0.5
28 26 0.5
28 27 0.5
30 29 0.5
31 29 0.5
31 30 0.5
32 29 3.58333
33 29 1.58333
33 32 4.225
35 34 0.2
36 34 0.2
36 35 0.2
37 34 0.2
37 35 0.2
37 36 0.2
38 34 0.2
38 35 0.2
38 36 0.2
38 37 0.2
39 34 0.2
39 35 0.2
39 36 0.2
39 37 0.2
39 38 0.2
42 41 1
44 43 0.5
45 43 0.5
45 44 0.5
47 46 0.333333
48 46 0.333333
48 47 0.333333
49 46 0.333333
49 47 0.333333
49 48 0.333333
50 32 0.75
51 50 0.25
51 32 0.25
52 50 0.25
52 51 0.25
52 32 1.85833
52 33 0.775
53 50 0.25
53 51 0.25
53 52 0.625
53 32 2.99167
53 33 1.15833
53 29 0.25
54 50 0.5
55 50 0.5
55 54 3.83333
56 50 1
57 50 1
57 56 1
59 58 0.5
60 58 0.5
60 59 0.5
62 61 0.47619
63 61 0.333333
63 62 0.333333
64 61 0.333333
64 62 0.333333
64 63 0.333333
66 65 0.5
67 65 0.5
67 66 0.5
69 68 0.833333
70 68 2.16667
70 69 0.833333
71 68 0.916667
71 69 0.333333
71 70 0.666667
73 72 0.333333
74 72 0.333333
74 73 0.333333
75 72 0.333333
75 73 0.333333
75 74 0.333333
77 76 0.333333
77 45 1
78 76 0.333333
78 77 0.333333
79 76 0.333333
79 77 0.333333
79 78 0.333333
81 80 0.5
82 80 0.5
82 81 0.5
84 83 0.5
85 83 0.5
85 84 0.5
87 86 2.5
89 54 1
91 90 0.5
92 90 0.5
92 91 0.5
94 93 0.5
95 93 2.66667
95 94 0.5
96 93 2.33333
96 94 0.5
96 95 2.33333
96 68 1.83333
97 93 0.5
97 94 0.5
97 95 0.5
97 96 0.5
98 93 0.5
98 95 0.5
98 96 0.5
99 93 0.25
99 98 1.25
99 95 0.25
99 96 0.25
102 101 0.5
103 101 0.5
103 102 0.5
105 104 0.5
106 104 0.5
106 105 0.5
108 107 1
111 110 1
113 112 1
116 115 1
118 117 1
120 119 1
120 77 1
122 121 0.5
123 121 0.5
123 122 0.5
126 125 0.7
127 125 0.5
127 126 0.75
129 128 1
130 32 1.33333
130 29 0.333333
130 33 0.333333
131 32 2.275
131 33 0.525
131 52 1.025
131 53 0.375
132 32 1.025
132 33 1.025
132 131 0.525
132 52 0.525
132 53 0.125
133 32 0.525
133 33 0.525
133 131 0.525
133 132 0.525
133 52 0.525
133 53 0.125
135 134 1
137 136 1
139 138 0.111111
140 138 0.111111
140 139 0.111111
141 138 0.111111
141 139 0.111111
141 140 0.111111
142 138 0.111111
142 139 0.111111
142 140 0.111111
142 141 0.111111
143 138 0.111111
143 139 0.111111
143 140 0.111111
143 141 0.111111
143 142 0.111111
144 138 0.111111
144 139 0.111111
144 140 0.111111
144 141 0.111111
144 142 0.111111
144 143 0.111111
145 138 0.111111
145 139 0.111111
145 140 0.111111
145 141 0.111111
145 142 0.111111
145 143 0.111111
145 144 0.111111
146 138 0.111111
146 139 0.111111
146 140 0.111111
146 141 0.111111
146 142 0.111111
146 143 0.111111
146 144 0.111111
146 145 0.111111
147 138 0.111111
147 139 0.111111
147 140 0.111111
147 141 0.111111
147 142 0.111111
147 143 0.111111
147 144 0.111111
147 145 0.111111
147 146 0.111111
148 70 1.16667
149 148 0.666667
149 70 0.666667
149 95 0.833333
149 93 0.333333
150 148 1.16667
150 70 1.16667
150 149 4.75
150 126 0.333333
151 148 1
153 152 1.33333
154 152 0.333333
154 153 0.333333
155 152 0.333333
155 153 0.333333
155 154 0.333333
156 70 0.5
157 70 0.5
157 156 0.5
160 159 1
162 161 1
164 163 1
166 165 1
169 168 0.5
170 168 0.5
170 169 0.5
172 171 0.5
173 171 1.5
173 172 0.5
175 174 0.5
176 174 0.5
176 175 0.5
179 178 1
180 178 1
180 179 1
182 181 1
183 54 0.5
183 55 0.5
184 183 0.5
185 183 0.5
185 184 0.5
187 186 1.5
188 186 0.5
188 187 0.5
189 32 0.583333
190 45 0.833333
191 190 0.333333
191 45 0.333333
192 190 0.333333
192 191 0.333333
192 45 0.333333
193 190 0.5
193 45 0.5
195 194 1.25
196 194 0.25
196 195 0.25
197 194 0.25
197 195 0.25
197 196 0.25
198 194 0.25
198 195 0.25
198 196 0.25
198 197 0.25
200 199 0.5
200 23 0.333333
200 24 0.333333
201 199 0.5
201 200 0.833333
201 23 0.333333
201 24 0.333333
202 130 1
205 204 1
207 206 0.5
208 206 0.5
208 207 0.5
210 209 0.5
211 209 0.5
211 210 0.5
213 212 0.5
214 212 0.5
214 213 0.5
215 47 0.333333
215 135 0.5
216 215 1.08333
216 47 0.333333
217 215 1.66667
217 216 1.08333
217 47 0.333333
218 215 0.5
218 217 0.25
219 215 1.5
219 218 0.5
219 217 0.25
220 215 0.25
220 218 0.583333
220 219 0.25
221 215 0.25
221 218 1.75
221 219 0.25
221 220 0.25
222 215 0.5
222 135 0.5
223 215 0.583333
223 219 0.25
223 218 0.25
223 217 0.583333
224 149 2.08333
224 95 0.333333
224 93 0.333333
224 150 0.75
226 225 1
228 227 1.33333
229 227 0.333333
229 228 0.333333
230 227 0.333333
230 228 0.333333
230 229 0.333333
233 232 0.5
234 232 0.5
234 233 0.5
234 71 1
237 236 1
239 238 1
240 238 1
242 241 1
244 243 3.5
245 243 1
246 243 1
248 247 0.5
249 247 0.5
249 248 0.5
250 216 0.25
250 215 0.25
250 217 0.25
251 216 0.25
251 215 0.5
251 250 0.25
251 217 0.25
254 253 1
255 253 0.5
255 254 0.5
258 257 1.33333
260 259 1
262 261 0.142857
263 261 0.142857
263 262 0.142857
264 261 0.142857
264 262 0.67619
264 263 0.142857
265 261 0.142857
265 262 0.67619
265 263 0.142857
265 264 0.92619
266 261 0.142857
266 262 0.142857
266 263 0.142857
266 264 0.142857
266 265 0.142857
267 261 0.142857
267 262 0.67619
267 263 0.142857
267 264 0.92619
267 265 0.92619
267 266 0.142857
268 261 0.142857
268 262 0.142857
268 263 0.142857
268 264 0.142857
268 265 0.142857
268 266 0.142857
268 267 0.142857
270 269 1
273 272 0.5
274 272 0.5
274 273 0.5
276 275 0.5
277 275 0.5
277 276 1
279 278 0.166667
280 278 0.166667
280 279 0.166667
280 77 1
280 149 1.83333
281 278 0.166667
281 279 0.166667
281 280 0.166667
282 278 0.166667
282 279 0.166667
282 280 3.16667
282 281 0.166667
283 278 0.166667
283 279 0.166667
283 280 0.166667
283 281 0.166667
283 282 0.166667
284 278 0.166667
284 279 0.166667
284 280 0.166667
284 281 0.166667
284 282 0.166667
284 283 0.166667
286 285 0.5
287 285 1
287 286 0.5
288 285 0.5
288 287 0.5
290 289 0.5
291 289 0.5
291 290 0.5
293 292 2.1
296 295 1
297 295 0.333333
298 295 0.333333
298 297 0.333333
299 295 1.33333
299 297 0.333333
299 298 0.333333
300 202 1.16667
300 149 0.5
300 150 0.5
300 161 0.25
301 300 1.33333
301 202 0.833333
302 300 0.333333
302 202 0.333333
302 301 0.333333
303 300 0.5
303 301 0.5
304 77 0.583333
305 304 0.25
305 77 0.25
306 304 0.25
306 305 0.25
306 77 0.25
306 264 0.25
306 265 0.25
306 267 0.25
307 304 0.583333
307 305 0.25
307 306 0.25
307 77 1.58333
308 304 0.333333
308 77 3.33333
308 307 2.33333
309 96 0.5
309 68 0.5
311 310 1
313 312 0.5
314 312 0.5
314 313 0.5
315 202 0.333333
315 300 0.583333
315 161 0.25
316 202 0.333333
316 315 0.333333
316 300 0.333333
318 317 1
320 319 0.833333
321 319 0.333333
321 320 0.333333
322 319 0.666667
322 320 0.333333
322 321 0.333333
323 319 0.333333
323 322 0.333333
324 319 0.333333
324 322 0.333333
324 323 0.333333
326 325 0.333333
326 29 0.333333
327 325 0.333333
327 326 1.16667
328 325 0.333333
328 326 0.333333
328 327 0.333333
329 150 0.5
330 329 0.5
330 150 0.5
332 331 0.333333
333 331 0.333333
333 332 0.333333
334 331 0.333333
334 332 0.333333
334 333 0.333333
336 335 1
338 337 0.333333
339 337 0.333333
339 338 0.333333
340 337 0.333333
340 338 1.33333
340 339 0.333333
342 341 0.5
342 220 0.333333
342 218 2.47619
343 341 0.5
343 342 0.5
344 251 0.25
344 215 0.583333
345 344 0.583333
345 251 0.25
345 215 0.916667
346 344 0.583333
346 345 0.583333
346 251 0.25
346 215 0.583333
348 347 0.2
349 347 0.2
349 348 0.2
350 347 0.2
350 348 0.2
350 349 0.2
351 347 0.2
351 348 0.2
351 349 0.2
351 350 0.2
352 347 0.2
352 348 0.2
352 349 0.2
352 350 0.2
352 351 0.2
354 353 0.5
355 353 0.5
355 354 0.5
357 356 0.833333
358 356 0.5
358 357 0.5
359 356 0.333333
359 357 0.333333
360 356 0.333333
360 359 0.333333
360 357 0.333333
361 61 0.2
362 361 1
363 361 0.5
364 361 0.5
364 363 0.5
366 365 0.5
367 365 0.5
367 366 0.5
368 23 0.5
368 24 0.5
369 77 0.5
370 369 0.5
370 77 2.5
370 308 0.5
372 371 0.5
373 371 0.5
373 372 0.5
374 32 0.25
375 374 1.91667
375 32 0.25
376 374 2.91667
376 375 1.91667
376 32 0.25
377 374 0.333333
377 375 0.333333
377 376 0.333333
379 378 0.5
380 378 0.5
380 379 0.5
382 381 0.5
383 381 0.5
383 382 0.5
385 384 0.142857
386 384 0.142857
386 385 0.142857
387 384 0.142857
387 385 0.142857
387 386 0.142857
388 384 0.142857
388 385 0.142857
388 386 0.142857
388 387 0.142857
389 384 0.142857
389 385 0.142857
389 386 0.142857
389 387 0.142857
389 388 0.142857
390 384 0.142857
390 385 0.142857
390 386 0.142857
390 387 0.142857
390 388 0.142857
390 389 0.142857
391 384 0.142857
391 385 0.142857
391 386 0.142857
391 387 0.142857
391 388 0.142857
391 389 0.142857
391 390 0.142857
393 392 0.333333
394 392 0.333333
394 393 0.333333
395 392 0.333333
395 393 0.333333
395 394 0.333333
397 396 0.333333
398 396 0.333333
398 397 0.333333
399 396 0.333333
399 397 0.333333
399 398 0.333333
400 276 0.166667
400 277 0.166667
401 400 0.166667
401 276 0.166667
401 277 0.166667
401 326 2.16667
401 327 0.333333
401 29 0.333333
402 400 0.166667
402 401 0.166667
402 276 0.5
402 277 0.5
403 400 0.166667
403 401 0.166667
403 276 0.166667
403 402 0.166667
403 277 0.166667
404 400 0.166667
404 401 0.166667
404 276 0.166667
404 402 0.166667
404 277 0.166667
404 403 0.166667
405 165 1
408 407 0.25
409 407 0.583333
409 408 0.25
410 407 0.25
410 408 0.25
410 409 0.25
411 407 0.583333
411 408 0.25
411 409 0.583333
411 410 0.25
412 407 0.333333
412 409 0.333333
412 411 0.333333
414 413 1
414 246 0.333333
415 401 0.833333
415 326 3.5
415 327 0.333333
416 401 1
416 326 1
418 417 1
420 318 1
422 421 0.5
423 421 0.5
423 422 0.5
425 424 0.5
426 424 0.5
426 425 0.5
427 45 1.33333
428 427 1
430 429 1
431 429 1
433 432 1
434 244 1
434 243 1
436 435 0.5
437 435 0.5
437 436 0.5
438 117 0.5
439 438 1
440 438 0.5
440 117 0.5
442 441 1
442 71 0.5
444 443 1
446 445 0.333333
447 445 0.333333
447 446 0.333333
448 445 0.333333
448 446 0.333333
448 447 0.333333
449 281 1
452 451 0.142857
453 451 0.142857
453 452 0.142857
454 451 0.142857
454 452 0.142857
454 453 0.142857
455 451 0.142857
455 452 0.142857
455 453 0.142857
455 454 0.142857
456 451 0.142857
456 452 0.142857
456 453 0.142857
456 454 0.142857
456 455 0.142857
457 451 0.142857
457 452 0.642857
457 453 0.142857
457 454 0.142857
457 455 0.142857
457 456 0.142857
458 451 0.142857
458 452 0.642857
458 453 0.142857
458 454 0.142857
458 455 0.142857
458 456 0.142857
458 457 0.642857
460 459 0.333333
461 459 0.333333
461 460 0.333333
462 459 0.333333
462 460 0.333333
462 461 0.333333
462 300 0.5
463 32 1
464 463 1.5
465 463 0.5
465 464 0.5
467 466 0.25
468 466 0.25
468 467 0.25
469 466 0.25
469 467 0.25
469 468 0.25
470 466 0.25
470 467 0.25
470 468 0.25
470 469 0.25
472 471 0.833333
472 221 0.5
472 218 0.5
473 471 0.5
473 472 0.5
475 474 1
476 474 0.5
477 474 0.5
477 476 0.5
479 478 0.333333
480 478 0.333333
480 479 0.333333
481 478 0.333333
481 479 0.333333
481 480 0.333333
483 482 1
484 32 1
486 485 1
487 32 0.333333
487 53 0.333333
488 487 0.333333
488 32 0.333333
488 53 0.333333
489 308 1.5
489 77 0.5
490 489 0.5
490 308 0.5
491 489 1
492 489 0.5
492 308 0.5
494 493 0.5
495 493 0.5
495 494 0.5
497 496 1
498 302 1
499 149 0.5
500 499 1
501 499 2.5
501 500 1
502 499 1.5
502 501 0.5
505 504 1
506 189 0.583333
506 32 0.583333
507 506 1.08333
507 189 0.583333
507 32 0.583333
508 506 0.75
508 507 0.75
508 189 0.25
508 32 0.25
511 510 1
512 244 0.5
512 243 0.5
514 513 0.833333
515 513 0.833333
515 514 2.33333
515 345 0.333333
515 215 0.333333
515 150 1.58333
515 149 1.08333
515 224 0.25
516 513 0.333333
516 514 0.333333
516 515 2.91667
516 150 2.25
516 149 1.58333
516 224 0.25
516 126 0.333333
516 151 1
518 517 1
520 519 1
521 75 1
522 521 0.25
523 521 0.25
523 522 0.25
524 521 0.25
524 522 0.25
524 523 0.25
525 521 0.25
525 522 0.25
525 523 0.25
525 524 0.25
526 521 2
528 527 1
530 529 0.533333
531 529 0.533333
531 530 0.533333
532 529 0.333333
532 530 0.333333
532 531 0.333333
534 533 1
537 536 0.5
538 536 0.833333
538 537 0.5
539 536 0.333333
540 536 0.333333
540 539 0.333333
541 536 0.333333
541 539 0.333333
541 540 0.333333
544 543 1
546 545 1
546 54 0.5
546 55 0.5
546 328 1.5
547 120 0.333333
548 547 0.333333
548 120 0.333333
549 547 0.333333
549 548 0.333333
549 120 1.83333
552 551 0.5
553 551 0.5
553 552 0.5
556 555 0.5
557 555 0.5
557 556 0.5
559 558 1
560 32 0.708333
560 52 0.708333
560 33 0.375
560 132 0.125
560 53 0.375
560 131 0.125
560 133 0.125
561 560 0.458333
561 32 0.458333
561 52 0.458333
561 33 0.125
561 132 0.125
561 53 0.125
561 131 0.125
561 133 0.125
562 81 1
563 562 0.333333
564 562 0.333333
564 563 0.333333
565 562 0.333333
565 563 0.333333
565 564 0.333333
566 188 2.33333
568 567 1
570 569 1
572 571 1
573 280 2.5
573 282 0.5
574 573 0.5
574 280 0.5
575 573 0.5
575 280 0.5
577 576 1
580 579 0.5
581 579 0.5
581 580 0.5
583 582 1
584 135 0.333333
585 584 0.333333
585 135 0.333333
586 584 0.333333
586 585 0.333333
586 135 1.83333
589 588 0.583333
589 306 1
590 588 0.583333
590 589 1.58333
591 588 0.333333
591 589 0.333333
591 590 0.333333
593 592 1
594 276 0.333333
594 402 0.333333
594 277 0.333333
595 326 0.5
595 415 0.5
595 45 1
597 596 1
599 598 1
602 601 1
605 274 0.333333
606 274 0.333333
606 605 0.333333
607 274 0.333333
607 605 0.333333
607 606 0.333333
608 44 0.833333
609 608 0.5
609 44 0.5
610 608 0.333333
610 44 0.333333
611 608 0.333333
611 44 0.333333
611 610 0.333333
614 613 1
616 615 1
618 617 0.5
619 617 0.5
619 618 0.5
621 620 1
623 622 1
625 624 0.333333
626 624 0.333333
626 625 0.333333
627 624 0.333333
627 625 0.333333
627 626 0.333333
629 628 0.5
630 628 0.5
630 629 1
630 336 0.2
632 631 1
635 634 0.5
636 634 0.5
636 635 0.5
637 161 0.25
637 315 0.25
637 300 0.75
637 462 0.5
638 637 0.25
638 161 0.25
638 315 0.25
638 300 0.25
639 637 1
640 77 1
642 641 1
645 77 2.5
647 646 1
649 188 0.333333
649 566 0.333333
650 649 0.333333
650 188 0.333333
650 566 0.333333
651 33 0.25
652 651 0.333333
653 651 2.08333
653 652 0.333333
653 33 1.25
653 54 0.333333
653 55 0.333333
654 651 2.08333
654 652 0.333333
654 653 2.08333
654 33 0.25
655 651 0.333333
655 653 0.333333
655 654 0.333333
656 651 0.583333
656 33 0.25
656 653 0.916667
656 654 0.583333
658 657 0.333333
659 657 0.333333
659 658 0.333333
660 657 0.333333
660 658 0.333333
660 659 0.333333
662 661 0.75
663 661 0.25
663 662 0.25
664 661 0.25
664 662 0.25
664 663 0.25
665 661 0.25
665 662 0.25
665 663 0.25
665 664 0.25
667 666 1
669 668 1
670 668 1
672 671 1
673 514 0.5
673 515 0.5
674 442 0.5
675 674 0.5
675 442 0.5
676 662 0.5
676 661 0.5
678 677 0.5
679 677 0.5
679 678 0.5
681 680 0.333333
682 680 0.333333
682 681 0.333333
683 680 0.333333
683 681 0.333333
683 682 0.333333
684 56 1
685 349 1
688 536 0.333333
688 538 0.333333
689 688 0.333333
689 536 0.333333
689 538 0.333333
691 341 1
693 692 0.2
694 692 0.2
694 693 0.2
695 692 0.2
695 693 0.2
695 694 0.2
696 692 1.2
696 693 0.2
696 694 0.2
696 695 0.2
696 218 0.142857
696 342 0.142857
697 692 0.2
697 693 0.2
697 694 0.2
697 695 0.2
697 696 0.2
698 444 1
699 95 0.333333
700 699 0.333333
700 95 0.333333
701 699 0.333333
701 95 0.333333
701 700 0.333333
704 703 0.333333
705 703 0.333333
705 704 0.333333
706 703 0.333333
706 704 0.333333
706 705 0.333333
707 96 0.583333
707 93 0.583333
707 95 0.583333
707 98 0.25
708 96 0.333333
708 68 0.666667
708 70 0.333333
708 71 0.333333
709 96 0.333333
709 708 0.333333
709 68 0.333333
710 86 0.5
710 87 0.5
711 641 0.5
712 711 0.5
712 641 0.5
714 694 0.25
715 694 0.25
715 714 0.25
716 694 0.25
716 714 0.25
716 715 0.25
717 694 0.25
717 714 0.25
717 715 0.25
717 716 0.25
719 718 2
720 669 1
723 722 0.333333
724 722 0.333333
724 723 0.333333
725 722 0.333333
725 723 0.333333
725 724 0.333333
728 135 0.5
728 586 0.5
730 729 1
732 731 0.5
733 731 0.5
733 732 0.5
735 70 0.5
736 735 0.5
736 70 0.5
737 442 0.5
737 71 0.5
738 442 1
741 292 0.9
741 293 1.9
741 522 0.333333
742 741 1.4
742 292 0.9
742 293 1.4
743 741 1.2
743 292 0.7
743 742 0.7
743 293 2.7
744 741 1
745 741 2.33333
745 293 0.333333
745 522 0.333333
747 746 1
750 749 1
751 718 0.5
752 751 0.5
752 718 0.5
754 753 1
755 33 0.5
755 77 0.5
756 755 0.5
756 68 0.75
756 71 0.25
757 755 0.5
757 756 1.25
757 68 0.75
757 71 0.25
758 755 1
758 77 0.5
758 370 0.5
759 755 1.5
759 33 0.5
760 755 1.86667
760 33 0.333333
761 755 0.333333
761 760 0.666667
761 33 0.333333
762 755 0.333333
762 760 0.666667
762 761 0.666667
762 33 0.333333
763 755 0.533333
763 760 0.533333
763 120 0.833333
764 755 0.533333
764 763 0.866667
764 760 0.533333
764 120 0.333333
766 765 0.333333
767 765 0.333333
767 766 0.333333
768 765 0.333333
768 766 0.333333
768 767 0.333333
769 126 0.2
769 125 0.2
770 769 0.2
770 126 0.2
770 125 0.2
771 769 0.2
771 770 0.2
771 126 0.2
771 125 0.2
772 769 0.2
772 770 0.2
772 126 0.2
772 771 0.2
772 125 0.2
773 760 1.33333
773 656 0.333333
773 653 0.333333
774 773 1.33333
774 760 1.53333
774 763 0.2
774 755 0.2
774 764 0.2
775 773 0.333333
775 760 0.333333
775 774 0.333333
777 776 1
779 495 0.5
780 779 0.5
780 495 0.5
782 630 1
783 630 0.5
783 782 0.5
785 784 0.5
786 784 0.5
786 785 0.5
787 345 0.333333
787 215 0.333333
787 515 0.333333
788 596 1
789 788 1
789 596 1
791 661 0.333333
792 791 0.333333
792 661 0.333333
793 791 0.333333
793 661 0.333333
793 792 0.333333
794 63 0.25
795 794 0.25
795 63 0.25
796 794 0.25
796 795 0.25
796 63 0.25
797 794 0.25
797 795 0.25
797 796 0.25
797 63 0.25
799 798 0.2
800 798 0.2
800 799 0.2
801 798 0.2
801 799 0.2
801 800 0.2
802 798 0.2
802 799 0.2
802 800 0.2
802 801 0.2
803 798 0.2
803 799 0.2
803 800 0.2
803 801 0.2
803 802 0.2
804 61 0.92619
804 361 0.2
805 804 0.92619
805 61 1.25952
805 361 0.2
806 804 0.92619
806 805 0.92619
806 61 0.92619
806 361 0.2
807 804 0.25
807 805 0.25
807 806 0.25
807 61 0.25
809 808 1
812 811 1
814 813 0.5
815 813 0.5
815 814 0.5
817 816 1
819 818 1
821 820 0.333333
822 820 0.333333
822 821 0.333333
823 820 0.333333
823 821 0.333333
823 822 0.333333
825 824 0.111111
826 824 0.111111
826 825 0.111111
827 824 0.111111
827 825 0.111111
827 826 0.111111
828 824 0.111111
828 825 0.111111
828 826 0.111111
828 827 0.111111
829 824 0.111111
829 825 0.111111
829 826 0.111111
829 827 0.111111
829 828 0.111111
830 824 0.111111
830 825 0.111111
830 826 0.111111
830 827 0.111111
830 828 0.111111
830 829 0.111111
831 824 0.111111
831 825 0.111111
831 826 0.111111
831 827 0.111111
831 828 0.111111
831 829 0.111111
831 830 0.111111
832 824 0.111111
832 825 0.111111
832 826 0.111111
832 827 0.111111
832 828 0.111111
832 829 0.111111
832 830 0.111111
832 831 0.111111
833 824 0.111111
833 825 0.111111
833 826 0.111111
833 827 0.111111
833 828 0.111111
833 829 0.111111
833 830 0.111111
833 831 0.111111
833 832 0.111111
835 834 0.5
836 834 0.5
836 835 0.5
838 33 0.333333
838 32 0.333333
838 53 0.333333
839 33 0.45
839 29 0.25
839 53 0.45
839 32 0.45
841 840 1.5
842 840 0.5
842 841 0.5
844 843 0.333333
845 843 0.333333
845 844 0.333333
846 843 0.333333
846 844 0.333333
846 845 0.333333
848 847 1
850 849 0.5
851 849 0.5
851 850 0.5
852 645 0.5
852 77 0.5
855 854 0.5
856 854 0.5
856 855 0.5
858 105 1
859 293 0.2
860 859 0.5
861 859 0.5
861 860 0.5
862 653 0.5
863 862 0.5
863 653 0.5
864 653 0.5
864 33 0.5
865 370 0.5
866 865 0.5
866 370 0.5
870 869 0.25
871 869 0.25
871 870 0.25
872 869 0.25
872 870 0.25
872 871 0.25
873 869 0.25
873 870 0.25
873 871 0.25
873 872 0.25
877 876 0.25
878 876 0.25
878 877 0.25
879 876 0.25
879 877 0.25
879 878 0.25
880 876 0.25
880 877 0.25
880 878 0.25
880 879 0.25
883 882 0.5
884 882 0.5
884 883 0.5
886 885 1
888 887 0.5
889 887 0.5
889 888 0.5
891 760 0.2
891 763 0.2
891 755 0.2
891 764 0.2
891 774 0.2
892 651 0.333333
892 653 0.666667
892 654 0.333333
892 54 0.333333
892 55 0.333333
893 401 0.333333
893 29 0.333333
893 326 0.333333
895 894 0.25
896 894 0.25
896 895 0.25
897 894 0.25
897 895 0.25
897 896 0.25
898 894 0.25
898 895 0.25
898 896 0.25
898 897 0.25
900 899 0.5
901 899 0.5
901 900 0.5
903 902 0.5
904 902 0.5
904 903 0.5
906 905 1
907 306 0.25
907 264 0.25
907 265 0.25
907 267 0.25
909 908 0.5
910 908 0.5
910 909 0.5
912 911 0.2
913 911 0.2
913 912 0.342857
914 911 0.2
914 912 0.342857
914 913 0.342857
915 911 0.2
915 912 0.985714
915 913 0.342857
915 914 0.342857
916 911 0.2
916 912 0.2
916 913 0.2
916 914 0.2
916 915 0.2
917 170 1
920 919 1
921 414 1
923 922 0.5
924 922 0.5
924 923 0.5
925 176 1
926 242 1.25
929 928 1
930 741 0.7
930 292 0.4
930 742 0.2
930 293 0.4
931 930 1.9
931 741 0.7
931 292 0.4
931 742 0.2
931 293 0.4
932 930 1
933 54 0.5
933 55 0.5
934 116 0.25
935 934 0.25
935 116 0.25
936 934 0.25
936 935 0.25
936 116 0.25
937 934 0.25
937 935 0.25
937 936 0.25
937 116 0.25
939 477 1
941 940 0.5
942 940 0.5
942 941 0.5
943 262 0.2
943 264 0.2
943 265 0.2
943 267 0.2
944 262 0.2
944 264 0.2
944 265 0.2
944 943 0.2
944 267 0.2
945 0 1
947 946 1
949 948 1
951 950 1.16667
952 950 1.16667
952 951 1.16667
953 950 0.666667
953 952 0.666667
953 951 0.666667
954 193 0.5
955 954 0.5
955 193 1.08333
957 956 0.5
958 956 0.5
958 957 0.5
960 959 0.5
961 959 0.5
961 960 0.5
962 516 0.333333
962 150 0.333333
963 962 0.333333
963 516 0.333333
963 150 0.333333
965 964 0.2
966 964 0.2
966 965 0.2
967 964 0.2
967 965 0.2
967 966 0.2
968 964 0.2
968 965 0.2
968 966 0.2
968 967 0.2
969 964 0.2
969 965 0.2
969 966 0.2
969 967 0.2
969 968 0.2
972 971 1
972 299 1
974 973 0.5
975 973 0.5
975 974 0.5
975 87 1
976 757 0.25
976 756 0.25
976 68 0.25
976 71 0.25
978 977 1
980 979 0.5
981 979 0.5
981 980 0.5
983 982 1
983 472 2.16667
983 471 0.333333
984 982 0.5
984 983 0.833333
984 472 0.333333
985 982 0.5
985 983 0.5
987 986 1
988 972 1
990 87 2
992 991 1
994 993 0.25
995 993 0.25
995 994 0.25
996 993 0.25
996 994 0.25
996 995 0.25
997 993 0.25
997 994 0.25
997 995 0.25
997 996 0.25
999 998 1
999 912 0.142857
999 915 0.142857
999 254 0.5
999 253 0.5
1001 972 0.833333
1002 1001 0.833333
1002 972 0.833333
1003 1001 0.333333
1003 1002 0.333333
1003 972 0.333333
1004 77 1
1006 1005 1
1007 50 0.5
1007 32 0.5
1009 1008 1
1011 1010 1
1013 1012 1
1015 61 1.33333
1015 805 0.333333
1017 1016 1.2
1020 126 0.25
1020 127 0.75
1021 126 0.25
1021 127 0.25
1021 1020 0.25
1022 126 0.25
1022 127 1.75
1022 1020 0.75
1022 1021 0.25
1023 52 0.5
1024 1023 0.5
1024 52 0.5
1025 302 0.333333
1026 1025 1
1027 745 0.333333
1027 293 0.333333
1028 1027 0.333333
1028 745 0.333333
1028 293 0.333333
1029 549 0.5
1029 120 0.5
1031 1030 1
1033 1032 1
1035 1034 1
1036 1034 0.5
1037 1034 0.5
1037 1036 0.5
1038 307 0.5
1039 1038 0.5
1039 307 1.5
1040 223 0.333333
1040 217 0.333333
1040 215 0.333333
1042 1041 0.5
1043 1041 0.5
1043 1042 0.5
1044 1009 1
1045 481 1
1046 11 0.25
1047 1046 0.25
1047 11 0.25
1048 1046 0.25
1048 1047 0.25
1048 11 0.25
1049 1046 0.25
1049 1047 0.25
1049 1048 0.25
1049 11 0.25
1052 1051 1
1054 1053 1
1055 1053 0.333333
1056 1053 0.333333
1056 1055 0.333333
1057 1053 0.333333
1057 1055 0.333333
1057 1056 0.333333
1060 1059 0.111111
1061 1059 0.111111
1061 1060 0.111111
1062 1059 0.111111
1062 1060 0.111111
1062 1061 0.111111
1063 1059 0.111111
1063 1060 0.111111
1063 1061 0.111111
1063 1062 0.111111
1064 1059 0.111111
1064 1060 0.111111
1064 1061 0.111111
1064 1062 0.111111
1064 1063 0.111111
1065 1059 0.111111
1065 1060 0.111111
1065 1061 0.111111
1065 1062 0.111111
1065 1063 0.111111
1065 1064 0.111111
1066 1059 0.111111
1066 1060 0.111111
1066 1061 0.111111
1066 1062 0.111111
1066 1063 0.111111
1066 1064 0.111111
1066 1065 0.111111
1067 1059 0.111111
1067 1060 0.111111
1067 1061 0.111111
1067 1062 0.111111
1067 1063 0.111111
1067 1064 0.111111
1067 1065 0.111111
1067 1066 0.111111
1068 1059 0.111111
1068 1060 0.111111
1068 1061 0.111111
1068 1062 0.111111
1068 1063 0.111111
1068 1064 0.111111
1068 1065 0.111111
1068 1066 0.111111
1068 1067 0.111111
1069 805 0.142857
1069 804 0.142857
1069 806 0.142857
1069 61 0.142857
1070 805 0.67619
1070 804 0.342857
1070 806 0.342857
1070 1069 0.142857
1070 61 0.67619
1070 361 0.2
1070 1015 0.333333
1071 805 0.142857
1071 804 0.142857
1071 806 0.142857
1071 1069 0.142857
1071 1070 0.142857
1071 61 0.142857
1072 805 0.142857
1072 804 0.142857
1072 806 0.142857
1072 1069 0.142857
1072 1070 0.142857
1072 1071 0.142857
1072 61 0.142857
1073 226 1
1078 1077 1
1080 280 2
1081 68 0.5
1082 1081 0.5
1082 68 0.5
1083 1588 0.5
1083 0 0.5
1085 515 0.5
1086 515 2.5
1086 1085 0.5
1087 515 1
1087 1086 0.5
1087 150 0.5
1088 515 0.5
1088 1086 0.5
1090 472 0.333333
1090 471 0.333333
1090 983 0.333333
1091 472 0.833333
1091 983 0.833333
1091 984 0.333333
1093 1092 0.333333
1094 1092 0.333333
1094 1093 0.333333
1095 1092 0.333333
1095 1093 0.333333
1095 1094 0.333333
1097 1096 0.5
1098 1096 0.5
1098 1097 0.5
1101 1100 0.5
1102 1100 0.5
1102 1101 0.5
1105 1104 0.125
1106 1104 0.125
1106 1105 0.125
1107 1104 0.125
1107 1105 0.125
1107 1106 0.125
1108 1104 0.125
1108 1105 0.125
1108 1106 0.125
1108 1107 0.125
1109 1104 0.125
1109 1105 0.125
1109 1106 0.125
1109 1107 0.125
1109 1108 0.125
1110 1104 0.125
1110 1105 0.125
1110 1106 0.125
1110 1107 0.125
1110 1108 0.125
1110 1109 0.125
1111 1104 0.125
1111 1105 0.125
1111 1106 0.125
1111 1107 0.125
1111 1108 0.125
1111 1109 0.125
1111 1110 0.125
1112 1104 0.125
1112 1105 0.125
1112 1106 0.125
1112 1107 0.125
1112 1108 0.125
1112 1109 0.125
1112 1110 0.125
1112 1111 0.125
1114 1113 1
1116 1115 0.25
1117 1115 0.25
1117 1116 0.25
1118 1115 0.25
1118 1116 0.25
1118 1117 0.25
1119 1115 0.25
1119 1116 0.25
1119 1117 0.25
1119 1118 0.25
1120 77 0.5
1121 77 0.5
1121 1120 0.5
1122 77 0.5
1122 755 0.5
1123 246 0.333333
1123 414 0.333333
1124 1123 0.333333
1124 246 0.333333
1124 414 0.333333
1127 1126 1
1128 975 1
1129 656 0.333333
1129 773 0.333333
1129 653 0.833333
1129 33 0.5
1131 1130 1
1133 1132 1
1134 955 0.583333
1134 193 0.583333
1135 1134 0.25
1135 955 0.25
1135 193 0.25
1136 1134 0.25
1136 1135 0.25
1136 955 0.25
1136 193 0.25
1137 1134 0.333333
1137 193 0.333333
1137 955 0.333333
1139 1138 1
1141 1140 1
1144 220 0.333333
1144 342 1.47619
1144 218 2.14286
1144 696 0.142857
1146 1145 0.25
1147 1145 0.25
1147 1146 0.25
1148 1145 0.25
1148 1146 0.25
1148 1147 0.25
1149 1145 0.25
1149 1146 0.25
1149 1147 0.25
1149 1148 0.25
1152 1151 0.125
1153 1151 0.125
1153 1152 0.125
1154 1151 0.125
1154 1152 0.125
1154 1153 0.125
1155 1151 0.125
1155 1152 0.125
1155 1153 0.125
1155 1154 0.125
1156 1151 0.125
1156 1152 0.125
1156 1153 0.125
1156 1154 0.125
1156 1155 0.125
1157 1151 0.125
1157 1152 0.125
1157 1153 0.125
1157 1154 0.125
1157 1155 0.125
1157 1156 0.125
1158 1151 0.125
1158 1152 0.125
1158 1153 0.125
1158 1154 0.125
1158 1155 0.125
1158 1156 0.125
1158 1157 0.125
1159 1151 0.125
1159 1152 0.125
1159 1153 0.125
1159 1154 0.125
1159 1155 0.125
1159 1156 0.125
1159 1157 0.125
1159 1158 0.125
1161 113 0.5
1161 185 1.25
1162 113 0.5
1162 1161 0.5
1164 1163 1
1165 258 0.333333
1165 257 0.333333
1166 258 0.333333
1166 257 0.333333
1166 1165 0.333333
1168 1167 1
1169 819 1
1171 77 1
1174 930 0.5
1175 1174 0.5
1175 930 0.5
1176 149 0.5
1176 95 0.5
1177 149 0.833333
1177 280 0.833333
1179 588 0.25
1179 589 0.25
1179 590 0.25
1180 1179 0.25
1180 588 0.25
1180 589 0.25
1180 590 0.25
1181 301 1
1184 1183 0.5
1185 1183 0.5
1185 1184 0.5
1188 326 0.5
1188 327 0.5
1189 53 0.2
1189 33 0.2
1189 839 0.2
1189 32 0.2
1190 1189 0.2
1190 53 0.2
1190 33 0.2
1190 839 0.2
1190 32 0.2
1193 1192 1
1194 77 0.333333
1195 1194 0.333333
1195 77 0.333333
1196 1194 0.333333
1196 1195 0.333333
1196 77 0.333333
1198 1197 0.5
1199 1197 0.5
1199 1198 0.5
1200 912 0.785714
1200 915 1.11905
1200 999 0.142857
1200 913 0.142857
1200 914 0.142857
1201 912 0.142857
1201 915 0.142857
1201 1200 0.142857
1201 999 0.142857
1202 912 0.142857
1202 915 0.142857
1202 1200 0.142857
1202 1201 0.142857
1202 999 0.142857
1203 912 0.142857
1203 915 0.142857
1203 1200 0.142857
1203 1201 0.142857
1203 1202 0.142857
1203 999 0.142857
1204 912 0.142857
1204 915 0.142857
1204 1200 0.142857
1204 1201 0.142857
1204 1202 0.142857
1204 1203 0.142857
1204 999 0.142857
1205 912 0.142857
1205 915 0.142857
1205 1200 0.142857
1205 913 0.142857
1205 914 0.142857
1206 912 0.142857
1206 1205 0.142857
1206 915 0.142857
1206 1200 0.142857
1206 913 0.142857
1206 914 0.142857
1207 912 0.142857
1207 1205 0.142857
1207 915 0.142857
1207 1200 0.142857
1207 913 0.142857
1207 1206 0.142857
1207 914 0.142857
1209 1208 0.333333
1210 1208 0.333333
1210 1209 0.333333
1211 1208 0.333333
1211 1209 0.333333
1211 1210 0.333333
1213 329 0.25
1214 1213 0.25
1214 329 0.25
1215 1213 0.25
1215 329 0.25
1215 1214 0.25
1216 1213 0.25
1216 329 0.25
1216 1214 0.25
1216 1215 0.25
1218 1217 1
1220 499 0.5
1220 149 0.5
1222 1221 0.5
1223 1221 0.5
1223 1222 0.5
1225 1224 1
1226 1224 1
1227 131 0.25
1227 53 0.25
1227 32 0.25
1228 131 0.25
1228 1227 0.25
1228 53 0.25
1228 32 0.25
1229 243 1
1231 1230 1
1232 414 0.5
1233 1232 0.5
1233 414 0.5
1234 480 0.5
1235 1234 0.5
1235 480 0.5
1237 1236 1
1238 546 1
1240 1239 1
1242 1241 1
1243 481 0.25
1244 1243 0.25
1244 481 0.25
1245 1243 0.25
1245 1244 0.25
1245 481 0.25
1246 1243 0.25
1246 1244 0.25
1246 1245 0.25
1246 481 0.25
1248 1247 1
1249 480 0.5
1250 1249 0.5
1250 480 0.5
1252 1251 0.5
1253 1251 1.5
1253 1252 0.5
1254 763 0.833333
1254 764 0.333333
1254 120 0.833333
1255 1200 0.333333
1255 915 0.333333
1256 1200 0.333333
1256 1255 0.333333
1256 915 0.333333
1258 1257 1
1260 1259 0.5
1261 1259 0.5
1261 1260 0.5
1262 374 0.333333
1262 375 0.333333
1262 376 0.333333
1264 1263 0.333333
1265 1263 0.333333
1265 1264 0.333333
1266 1263 0.333333
1266 1264 0.333333
1266 1265 0.333333
1267 871 1
1269 319 0.5
1269 320 0.5
1270 946 0.5
1271 1270 0.5
1271 946 0.5
1272 842 0.75
1273 1272 0.75
1273 842 0.75
1274 1272 0.25
1274 1273 0.25
1274 842 0.25
1275 1272 0.25
1275 1273 0.25
1275 842 0.25
1275 1274 0.25
1277 743 0.7
1277 293 0.7
1277 742 0.2
1277 741 0.2
1277 292 0.2
1278 743 0.333333
1279 743 0.333333
1279 1278 0.333333
1280 743 0.333333
1280 1278 0.333333
1280 1279 0.333333
1281 1144 0.333333
1281 218 0.333333
1282 1281 0.333333
1282 1144 0.333333
1282 218 0.333333
1286 1285 0.25
1287 1285 0.25
1287 1286 0.25
1288 1285 0.25
1288 1286 0.25
1288 1287 0.25
1289 1285 0.25
1289 1286 0.25
1289 1287 0.25
1289 1288 0.25
1292 1291 0.5
1293 1291 0.5
1293 1292 0.5
1294 374 0.25
1294 375 0.25
1294 32 0.25
1294 376 0.25
1298 1297 1
1302 1017 0.5
1303 1017 0.5
1303 1302 0.5
1304 1017 1
1305 1017 0.2
1305 1016 0.2
1306 1017 0.2
1306 1305 0.2
1306 1016 0.2
1307 1017 0.2
1307 1305 0.2
1307 1306 0.2
1307 1016 0.2
1308 1017 0.2
1308 1305 0.2
1308 1306 0.2
1308 1307 0.2
1308 1016 0.2
1310 1309 1
1312 1311 0.25
1313 1311 0.25
1313 1312 0.25
1314 1311 0.25
1314 1312 0.25
1314 1313 0.25
1314 52 0.25
1315 1311 0.25
1315 1312 0.25
1315 1313 0.25
1315 1314 0.25
1317 899 1
1320 1319 1
1321 523 1
1323 1322 0.5
1324 1322 0.5
1324 1323 0.5
1326 1325 1
1328 1327 1
1331 1330 0.5
1332 1330 0.5
1332 1331 0.5
1335 1334 0.333333
1336 1334 0.333333
1336 1335 0.333333
1337 1334 0.333333
1337 1335 0.333333
1337 1336 0.333333
1338 881 1
1340 516 1
1341 280 0.333333
1341 149 0.333333
1341 1177 0.333333
1342 280 0.5
1343 280 0.5
1343 1342 0.5
1344 1224 1
1345 720 1
1346 376 0.5
1347 1346 0.5
1347 376 0.5
1348 361 0.25
1349 1348 0.25
1349 361 0.25
1350 1348 0.25
1350 1349 0.25
1350 361 0.25
1351 1348 0.25
1351 1349 0.25
1351 1350 0.25
1351 361 0.25
1354 1353 1
1355 522 0.333333
1355 745 0.333333
1355 741 0.333333
1355 930 1
1356 1355 1
1356 1106 0.333333
1357 1355 1
1357 1356 2.33333
1357 1106 0.333333
1358 1355 1
1360 45 1.33333
1360 427 0.333333
1361 45 0.333333
1361 1360 0.333333
1361 427 0.333333
1362 45 1
1363 1285 0.25
1364 1363 0.25
1364 1285 0.25
1365 1363 0.25
1365 1364 0.25
1365 1285 0.25
1366 1363 0.25
1366 1364 0.25
1366 1365 0.25
1366 1285 0.25
1367 931 0.2
1367 292 0.2
1367 293 0.2
1367 930 0.2
1368 931 0.2
1368 1367 0.2
1368 292 0.2
1368 293 0.2
1368 930 0.2
1370 1369 1
1372 1371 1
1374 1373 0.5
1375 1373 0.5
1375 1374 0.5
1376 1293 0.5
1377 1376 0.5
1377 1293 0.5
1380 521 0.5
1380 75 0.5
1383 193 0.5
1384 1383 0.5
1384 193 0.5
1386 1385 1
1388 328 1.5
1388 546 0.5
1390 1389 0.5
1391 1389 0.5
1391 1390 0.5
1393 1144 0.142857
1393 218 0.142857
1393 342 0.142857
1393 696 0.142857
1394 1393 0.142857
1394 1144 0.142857
1394 218 0.142857
1394 342 0.142857
1394 696 0.142857
1395 1393 0.142857
1395 1144 0.142857
1395 1394 0.142857
1395 218 0.142857
1395 342 0.142857
1395 696 0.142857
1396 1393 0.142857
1396 1144 0.142857
1396 1394 0.142857
1396 218 0.142857
1396 342 0.142857
1396 1395 0.142857
1396 696 0.142857
1397 313 1
1399 1398 0.25
1400 1398 0.25
1400 1399 0.25
1401 1398 0.25
1401 1399 0.25
1401 1400 0.25
1402 1398 0.25
1402 1399 0.25
1402 1400 0.25
1402 1401 0.25
1403 326 0.166667
1403 415 0.166667
1404 1403 0.166667
1404 326 0.166667
1404 415 0.166667
1405 1403 0.166667
1405 1404 0.166667
1405 326 0.166667
1405 415 0.166667
1406 1403 0.166667
1406 1404 0.166667
1406 326 0.166667
1406 1405 0.166667
1406 415 0.166667
1407 1403 0.166667
1407 1404 0.166667
1407 326 0.166667
1407 1405 0.166667
1407 415 0.166667
1407 1406 0.166667
1408 495 0.5
1409 1408 0.5
1409 495 0.5
1410 1356 0.333333
1410 1106 0.333333
1410 1357 0.333333
1411 1059 1
1412 185 0.25
1412 1161 0.25
1413 185 0.25
1413 1412 0.25
1413 1161 0.25
1414 185 0.25
1414 1412 0.25
1414 1161 0.25
1414 1413 0.25
1415 302 0.333333
1415 1025 0.333333
1416 1415 0.333333
1416 302 0.333333
1416 1025 0.333333
1417 929 1
1418 1335 1
1420 1419 0.333333
1421 1419 0.333333
1421 1420 0.333333
1422 1419 0.333333
1422 1420 0.333333
1422 1421 0.333333
1423 8 0.5
1424 1423 0.5
1424 8 1.5
1426 1425 0.5
1427 1425 0.5
1427 1426 0.5
1428 644 0.0526316
1429 1428 0.385965
1429 644 0.0526316
1430 1428 0.385965
1430 644 0.0526316
1430 1429 0.385965
1431 1428 0.0526316
1431 644 0.0526316
1431 1429 0.0526316
1431 1430 0.0526316
1432 1428 0.0526316
1432 644 0.0526316
1432 1429 0.0526316
1432 1430 0.0526316
1432 1431 0.0526316
1433 1428 0.0526316
1433 644 0.0526316
1433 1429 0.0526316
1433 1430 0.0526316
1433 1431 0.0526316
1433 1432 0.0526316
1434 1428 0.0526316
1434 644 0.0526316
1434 1429 0.0526316
1434 1430 0.0526316
1434 1431 0.0526316
1434 1432 0.0526316
1434 1433 0.0526316
1435 1428 0.0526316
1435 644 0.0526316
1435 1429 0.0526316
1435 1430 0.0526316
1435 1431 0.0526316
1435 1432 0.0526316
1435 1433 0.0526316
1435 1434 0.0526316
1436 1428 0.0526316
1436 644 0.0526316
1436 1429 0.0526316
1436 1430 0.0526316
1436 1431 0.0526316
1436 1432 0.0526316
1436 1433 0.0526316
1436 1434 0.0526316
1436 1435 0.0526316
1437 1428 0.0526316
1437 644 0.0526316
1437 1429 0.0526316
1437 1430 0.0526316
1437 1431 0.0526316
1437 1432 0.0526316
1437 1433 0.0526316
1437 1434 0.0526316
1437 1435 0.0526316
1437 1436 0.0526316
1438 1428 0.0526316
1438 644 0.0526316
1438 1429 0.0526316
1438 1430 0.0526316
1438 1431 0.0526316
1438 1432 0.0526316
1438 1433 0.0526316
1438 1434 0.0526316
1438 1435 0.0526316
1438 1436 0.0526316
1438 1437 0.0526316
1439 1428 0.0526316
1439 644 0.0526316
1439 1429 0.0526316
1439 1430 0.0526316
1439 1431 0.0526316
1439 1432 0.0526316
1439 1433 0.0526316
1439 1434 0.0526316
1439 1435 0.0526316
1439 1436 0.0526316
1439 1437 0.0526316
1439 1438 0.0526316
1440 1428 0.0526316
1440 644 0.0526316
1440 1429 0.0526316
1440 1430 0.0526316
1440 1431 0.0526316
1440 1432 0.0526316
1440 1433 0.0526316
1440 1434 0.0526316
1440 1435 0.0526316
1440 1436 0.0526316
1440 1437 0.0526316
1440 1438 0.0526316
1440 1439 0.0526316
1441 1428 0.0526316
1441 644 0.0526316
1441 1429 0.0526316
1441 1430 0.0526316
1441 1431 0.0526316
1441 1432 0.0526316
1441 1433 0.0526316
1441 1434 0.0526316
1441 1435 0.0526316
1441 1436 0.0526316
1441 1437 0.0526316
1441 1438 0.0526316
1441 1439 0.0526316
1441 1440 0.0526316
1442 1428 0.0526316
1442 644 0.0526316
1442 1429 0.0526316
1442 1430 0.0526316
1442 1431 0.0526316
1442 1432 0.0526316
1442 1433 0.0526316
1442 1434 0.0526316
1442 1435 0.0526316
1442 1436 0.0526316
1442 1437 0.0526316
1442 1438 0.0526316
1442 1439 0.0526316
1442 1440 0.0526316
1442 1441 0.0526316
1443 1428 0.0526316
1443 644 0.0526316
1443 1429 0.0526316
1443 1430 0.0526316
1443 1431 0.0526316
1443 1432 0.0526316
1443 1433 0.0526316
1443 1434 0.0526316
1443 1435 0.0526316
1443 1436 0.0526316
1443 1437 0.0526316
1443 1438 0.0526316
1443 1439 0.0526316
1443 1440 0.0526316
1443 1441 0.0526316
1443 1442 0.0526316
1444 1428 0.0526316
1444 644 0.0526316
1444 1429 0.0526316
1444 1430 0.0526316
1444 1431 0.0526316
1444 1432 0.0526316
1444 1433 0.0526316
1444 1434 0.0526316
1444 1435 0.0526316
1444 1436 0.0526316
1444 1437 0.0526316
1444 1438 0.0526316
1444 1439 0.0526316
1444 1440 0.0526316
1444 1441 0.0526316
1444 1442 0.0526316
1444 1443 0.0526316
1445 1428 0.0526316
1445 644 0.0526316
1445 1429 0.0526316
1445 1430 0.0526316
1445 1431 0.0526316
1445 1432 0.0526316
1445 1433 0.0526316
1445 1434 0.0526316
1445 1435 0.0526316
1445 1436 0.0526316
1445 1437 0.0526316
1445 1438 0.0526316
1445 1439 0.0526316
1445 1440 0.0526316
1445 1441 0.0526316
1445 1442 0.0526316
1445 1443 0.0526316
1445 1444 0.0526316
1446 1428 0.0526316
1446 644 0.0526316
1446 1429 0.0526316
1446 1430 0.0526316
1446 1431 0.0526316
1446 1432 0.0526316
1446 1433 0.0526316
1446 1434 0.0526316
1446 1435 0.0526316
1446 1436 0.0526316
1446 1437 0.0526316
1446 1438 0.0526316
1446 1439 0.0526316
1446 1440 0.0526316
1446 1441 0.0526316
1446 1442 0.0526316
1446 1443 0.0526316
1446 1444 0.0526316
1446 1445 0.0526316
1447 1428 0.333333
1447 1429 0.333333
1447 1430 0.333333
1449 1448 1
1450 282 0.5
1450 280 0.5
1451 215 1
1452 1359 1
1453 720 1
1454 481 1
1456 1455 0.333333
1457 1455 0.333333
1457 1456 0.333333
1458 1455 0.333333
1458 1456 0.333333
1458 1457 0.333333
1459 516 0.333333
1459 126 0.333333
1459 150 0.333333
1460 54 0.5
1460 55 0.5
1463 859 0.2
1463 293 0.2
1464 1463 0.2
1464 859 0.2
1464 293 0.2
1465 1463 0.2
1465 1464 0.2
1465 859 0.2
1465 293 0.2
1466 1463 0.2
1466 1464 0.2
1466 859 0.2
1466 1465 0.2
1466 293 0.2
1467 52 0.25
1467 1314 0.25
1468 52 0.25
1468 1467 0.25
1468 1314 0.25
1469 52 0.25
1469 1467 0.25
1469 1314 0.25
1469 1468 0.25
1471 1470 0.5
1472 1470 0.5
1472 1471 0.5
1474 1473 0.5
1475 1473 0.5
1475 1474 0.5
1476 206 0.5
1477 1476 0.5
1477 206 0.5
1479 1478 1
1480 95 0.5
1481 1480 0.5
1481 95 0.5
1483 1482 0.5
1484 1482 0.5
1484 1483 0.5
1486 1485 1
1487 1141 0.5
1488 1487 0.5
1488 1141 0.5
1491 1490 1
1492 1490 0.25
1493 1492 1
1495 1494 1
1496 299 1
1497 81 1
1499 238 0.25
1500 1499 0.25
1500 238 0.25
1501 1499 0.25
1501 1500 0.25
1501 238 0.25
1502 1499 0.25
1502 1500 0.25
1502 238 0.25
1502 1501 0.25
1503 999 0.5
1504 1503 0.2
1505 1503 0.2
1505 1504 0.2
1506 1503 0.2
1506 1504 0.2
1506 1505 0.2
1507 1503 0.2
1507 1504 0.2
1507 1505 0.2
1507 1506 0.2
1508 1503 0.2
1508 1504 0.2
1508 1505 0.2
1508 1506 0.2
1508 1507 0.2
1511 1510 0.5
1512 1510 0.5
1512 1511 0.5
1513 999 0.5
1513 1503 0.5
1514 1119 0.333333
1515 1119 0.333333
1515 1514 0.333333
1516 1119 0.333333
1516 1514 0.333333
1516 1515 0.333333
1517 242 0.25
1517 926 0.25
1518 1517 0.25
1518 242 0.25
1518 926 0.25
1519 1517 0.25
1519 1518 0.25
1519 242 0.25
1519 926 0.25
1522 1521 1
1525 1524 1
1528 53 0.5
1528 32 0.5
1530 1529 1
1531 8 1
1532 531 0.2
1532 530 0.2
1532 529 0.2
1533 531 0.2
1533 1532 0.2
1533 530 0.2
1533 529 0.2
1534 531 0.2
1534 1532 0.2
1534 1533 0.2
1534 530 0.2
1534 529 0.2
1535 842 1
1537 1536 0.5
1538 1536 0.5
1538 1537 0.5
1539 1492 0.25
1539 1490 0.25
1540 1539 0.25
1540 1492 0.25
1540 1490 0.25
1541 1539 0.25
1541 1540 0.25
1541 1492 0.25
1541 1490 0.25
1543 1542 1
1545 1544 0.333333
1546 1544 0.333333
1546 1545 0.333333
1547 1544 0.333333
1547 1545 0.333333
1547 1546 0.333333
1548 307 1
1549 33 0.833333
1549 32 1.33333
1549 53 0.5
1550 1549 0.333333
1550 33 0.333333
1550 32 0.333333
1552 293 0.333333
1553 293 0.333333
1553 1552 0.333333
1554 293 0.333333
1554 1552 0.333333
1554 1553 0.333333
1555 675 0.333333
1556 1555 0.333333
1556 675 0.333333
1557 1555 0.333333
1557 675 0.333333
1557 1556 0.333333
1559 1144 0.333333
1559 218 0.333333
1560 1559 0.333333
1560 1144 0.333333
1560 218 0.333333
1561 62 0.142857
1561 61 0.142857
1562 1561 0.142857
1562 62 0.142857
1562 61 0.142857
1563 1561 0.142857
1563 1562 0.142857
1563 62 0.142857
1563 61 0.142857
1564 1561 0.142857
1564 1562 0.142857
1564 1563 0.142857
1564 62 0.142857
1564 61 0.142857
1565 1561 0.142857
1565 1562 0.142857
1565 1563 0.142857
1565 1564 0.142857
1565 62 0.142857
1565 61 0.142857
1566 1561 0.142857
1566 1562 0.142857
1566 1563 0.142857
1566 1564 0.142857
1566 1565 0.142857
1566 62 0.142857
1566 61 0.142857
1568 1567 1
1569 336 0.2
1569 630 0.2
1570 336 0.2
1570 630 0.2
1570 1569 0.2
1571 336 0.2
1571 630 0.2
1571 1569 0.2
1571 1570 0.2
1572 336 0.2
1572 630 0.2
1572 1569 0.2
1572 1570 0.2
1572 1571 0.2
1573 630 0.5
1573 782 0.5
1575 1574 0.333333
1576 1574 0.333333
1576 1575 0.333333
1577 1574 0.333333
1577 1575 0.333333
1577 1576 0.333333
1578 630 0.5
1578 629 0.5
1580 1579 1
1583 1582 1
1585 1584 1
1586 1584 1
1587 521 0.5
1587 75 0.5
