297
0 1 1.0
0 2 2.0
0 3 1.0
0 4 2.0
0 5 1.0
0 6 6.0
0 7 6.0
0 8 1.0
0 9 4.0
1 10 1.0
1 115 1.0
1 12 2.0
1 84 3.0
1 129 1.0
1 7 2.0
1 130 12.0
1 131 1.0
1 72 2.0
1 74 1.0
2 67 1.0
2 151 1.0
2 152 4.0
2 153 9.0
2 154 3.0
2 155 2.0
2 156 2.0
2 157 4.0
2 158 2.0
2 12 3.0
2 86 2.0
2 118 2.0
2 4 4.0
2 159 4.0
2 160 4.0
2 161 9.0
2 162 12.0
2 163 9.0
2 164 2.0
2 165 7.0
2 166 14.0
2 167 5.0
2 168 2.0
2 169 2.0
2 184 5.0
2 185 2.0
2 125 28.0
2 8 1.0
2 173 1.0
2 186 2.0
2 175 10.0
2 176 14.0
2 177 2.0
2 178 3.0
2 179 4.0
2 180 4.0
2 181 6.0
2 182 4.0
2 183 2.0
3 151 5.0
3 154 2.0
3 155 1.0
3 12 44.0
3 117 1.0
3 159 12.0
3 160 6.0
3 161 4.0
3 162 1.0
3 168 2.0
3 195 1.0
3 125 1.0
3 173 8.0
3 186 17.0
3 196 6.0
3 178 2.0
3 179 5.0
3 180 1.0
3 182 1.0
3 197 1.0
3 189 1.0
4 151 5.0
4 154 2.0
4 155 1.0
4 2 44.0
4 118 1.0
4 159 12.0
4 160 6.0
4 161 4.0
4 162 1.0
4 168 2.0
4 195 1.0
4 172 1.0
4 173 8.0
4 174 17.0
4 196 6.0
4 178 2.0
4 179 5.0
4 180 1.0
4 182 1.0
4 197 1.0
4 189 1.0
5 10 1.0
5 11 1.0
5 12 3.0
5 3 4.0
5 13 4.0
5 14 4.0
5 8 7.0
6 27 1.0
6 50 1.0
6 34 2.0
6 23 12.0
6 35 8.0
6 47 5.0
6 48 7.0
6 43 4.0
6 46 9.0
6 72 1.0
6 88 1.0
6 94 1.0
6 25 1.0
6 73 6.0
6 74 10.0
6 77 13.0
6 75 7.0
7 1 1.0
7 2 2.0
7 3 4.0
7 6 2.0
7 59 1.0
7 73 1.0
8 102 2.0
8 108 1.0
8 235 1.0
8 3 1.0
8 4 2.0
8 213 1.0
8 5 2.0
8 193 1.0
8 14 1.0
8 103 2.0
8 214 1.0
8 36 3.0
9 108 2.0
9 236 1.0
9 4 2.0
9 213 4.0
9 218 1.0
9 5 1.0
9 7 1.0
9 103 1.0
9 24 4.0
10 102 13.0
10 208 3.0
10 138 1.0
10 124 1.0
10 142 1.0
10 13 5.0
10 14 5.0
11 12 2.0
11 118 1.0
11 3 4.0
11 13 6.0
11 14 9.0
12 16 1.0
12 151 1.0
12 152 4.0
12 153 9.0
12 154 3.0
12 155 2.0
12 156 2.0
12 157 4.0
12 158 2.0
12 2 3.0
12 84 2.0
12 117 2.0
12 3 4.0
12 159 4.0
12 160 4.0
12 161 9.0
12 162 12.0
12 163 9.0
12 164 2.0
12 165 7.0
12 166 14.0
12 167 5.0
12 168 1.0
12 168 2.0
12 169 2.0
12 170 5.0
12 171 2.0
12 172 28.0
12 173 1.0
12 174 2.0
12 175 10.0
12 176 14.0
12 177 2.0
12 178 3.0
12 179 4.0
12 180 4.0
12 181 6.0
12 182 4.0
12 183 2.0
13 6 1.0
13 34 2.0
13 209 3.0
13 23 10.0
13 35 6.0
13 47 6.0
13 48 5.0
13 43 7.0
13 46 10.0
13 88 1.0
13 73 9.0
13 74 8.0
13 77 3.0
13 75 12.0
14 114 1.0
14 11 1.0
14 12 1.0
14 86 1.0
14 118 1.0
14 3 2.0
14 4 5.0
14 13 3.0
14 75 2.0
15 16 1.0
15 4 3.0
15 17 2.0
15 18 4.0
15 19 5.0
15 20 6.0
15 21 4.0
15 22 1.0
15 23 3.0
15 24 1.0
15 25 2.0
15 26 2.0
16 113 5.0
16 1 6.0
16 114 1.0
16 92 1.0
16 115 3.0
16 116 2.0
16 12 2.0
16 2 4.0
16 84 1.0
16 117 1.0
16 118 4.0
16 119 1.0
16 98 2.0
16 120 2.0
16 19 1.0
16 22 1.0
16 73 2.0
17 41 1.0
17 22 7.0
17 23 11.0
17 53 1.0
17 44 10.0
18 4 19.0
18 71 2.0
18 15 2.0
18 17 1.0
18 14 7.0
18 23 7.0
18 35 1.0
18 47 2.0
18 43 1.0
18 51 2.0
18 72 1.0
18 73 3.0
18 74 4.0
18 75 4.0
18 76 1.0
19 17 2.0
19 70 1.0
19 20 1.0
19 59 2.0
19 22 2.0
19 46 4.0
19 80 3.0
20 12 5.0
20 2 6.0
20 132 1.0
20 130 2.0
20 209 1.0
20 210 1.0
20 89 2.0
20 73 3.0
20 74 4.0
20 75 1.0
21 106 1.0
21 12 5.0
21 2 3.0
21 85 1.0
21 73 2.0
21 74 3.0
21 77 2.0
21 75 1.0
22 55 2.0
23 46 7.0
23 44 8.0
24 48 1.0
24 44 8.0
25 190 1.0
26 22 3.0
26 51 1.0
26 49 1.0
26 64 2.0
26 44 9.0
27 28 1.0
27 3 4.0
27 29 2.0
27 30 1.0
27 31 5.0
27 32 3.0
27 20 2.0
27 21 4.0
27 33 1.0
27 34 1.0
27 35 2.0
27 36 2.0
27 37 2.0
27 38 1.0
27 39 1.0
28 122 10.0
28 114 2.0
29 50 1.0
29 30 1.0
29 33 8.0
29 35 11.0
29 44 10.0
30 29 5.0
30 32 2.0
30 6 2.0
30 59 4.0
30 33 14.0
30 51 3.0
30 49 2.0
30 64 3.0
30 38 3.0
30 52 1.0
31 3 14.0
31 4 1.0
31 58 2.0
31 27 6.0
31 45 3.0
31 29 1.0
31 66 1.0
31 7 10.0
31 35 10.0
31 47 2.0
31 48 1.0
31 46 3.0
31 49 2.0
31 73 1.0
31 74 1.0
31 77 3.0
31 75 3.0
32 29 1.0
32 30 1.0
32 21 1.0
32 59 1.0
32 33 1.0
32 43 3.0
32 49 1.0
32 81 3.0
33 68 2.0
34 13 1.0
34 6 1.0
34 47 2.0
34 43 1.0
34 72 3.0
34 37 3.0
34 112 1.0
34 74 1.0
34 44 4.0
35 43 10.0
35 44 10.0
36 49 1.0
36 93 1.0
36 44 7.0
37 190 1.0
38 50 1.0
38 33 4.0
38 43 1.0
38 49 2.0
38 64 2.0
38 44 9.0
40 41 1.0
40 42 1.0
40 22 3.0
40 43 6.0
40 44 4.0
41 4 2.0
41 40 1.0
41 23 3.0
41 47 1.0
41 48 3.0
41 43 4.0
41 46 2.0
41 49 1.0
41 44 10.0
42 84 4.0
42 86 3.0
42 119 2.0
42 98 2.0
42 218 1.0
42 167 1.0
42 232 1.0
42 168 1.0
42 137 1.0
42 40 1.0
42 45 1.0
42 17 1.0
42 29 1.0
42 185 1.0
42 172 1.0
42 22 4.0
42 33 3.0
42 173 1.0
43 6 1.0
43 23 1.0
43 35 6.0
43 44 7.0
45 33 7.0
45 46 8.0
45 44 8.0
46 23 10.0
46 79 1.0
46 44 9.0
47 31 1.0
47 13 5.0
47 6 3.0
47 35 1.0
47 48 2.0
47 214 1.0
47 44 11.0
48 213 1.0
48 13 5.0
48 6 7.0
48 23 1.0
48 47 1.0
48 44 4.0
49 44 14.0
50 3 1.0
50 45 1.0
50 23 3.0
50 35 4.0
50 47 4.0
50 48 1.0
50 43 1.0
50 46 4.0
50 51 2.0
50 52 1.0
50 44 12.0
51 44 11.0
52 99 4.0
52 84 1.0
52 86 1.0
52 4 1.0
52 32 1.0
52 6 4.0
52 21 1.0
52 9 2.0
52 33 3.0
52 48 1.0
52 37 1.0
53 86 1.0
53 4 5.0
53 17 1.0
53 13 1.0
53 14 2.0
53 59 1.0
53 90 1.0
53 23 4.0
53 46 2.0
53 78 1.0
53 75 4.0
54 11 1.0
54 40 7.0
54 55 2.0
54 14 1.0
54 22 9.0
54 51 4.0
54 49 4.0
54 56 3.0
55 21 1.0
55 35 4.0
55 78 3.0
56 40 2.0
56 22 3.0
56 35 1.0
56 51 1.0
56 44 6.0
57 58 1.0
57 45 7.0
57 21 1.0
57 59 1.0
57 33 12.0
57 60 1.0
57 51 3.0
57 49 2.0
57 61 3.0
58 3 5.0
58 95 1.0
58 45 5.0
58 50 1.0
58 31 6.0
58 68 5.0
58 7 1.0
58 20 4.0
58 21 2.0
58 23 1.0
58 46 2.0
58 87 1.0
58 24 4.0
58 88 1.0
58 85 1.0
58 61 1.0
58 69 2.0
58 82 1.0
59 105 1.0
59 102 5.0
59 108 4.0
59 99 1.0
59 5 1.0
59 71 1.0
59 58 1.0
59 15 1.0
59 27 2.0
59 66 1.0
59 55 3.0
59 68 3.0
59 19 3.0
59 32 7.0
59 13 12.0
59 6 9.0
59 14 5.0
59 7 4.0
59 22 5.0
59 33 5.0
59 49 1.0
59 64 1.0
59 91 1.0
59 39 1.0
60 14 1.0
60 7 1.0
60 44 10.0
61 33 3.0
61 46 1.0
61 60 1.0
61 49 1.0
61 82 1.0
61 44 6.0
62 63 2.0
62 3 1.0
62 41 1.0
62 55 6.0
62 19 8.0
62 20 1.0
62 59 9.0
62 47 3.0
62 48 1.0
62 49 2.0
62 64 2.0
62 65 2.0
63 101 1.0
63 12 2.0
63 2 3.0
63 3 1.0
63 225 1.0
63 71 1.0
63 129 2.0
63 41 1.0
63 62 2.0
63 18 2.0
63 13 1.0
63 215 1.0
63 8 5.0
63 9 6.0
63 59 2.0
63 34 1.0
63 209 1.0
63 47 2.0
63 93 3.0
63 24 1.0
63 94 1.0
63 81 1.0
63 85 1.0
63 83 1.0
64 74 1.0
64 44 5.0
65 11 7.0
65 84 2.0
65 3 3.0
65 98 2.0
65 13 8.0
65 20 1.0
65 8 2.0
66 67 2.0
66 50 1.0
66 31 2.0
66 68 1.0
66 32 7.0
66 59 5.0
66 47 1.0
66 51 2.0
66 64 1.0
66 38 1.0
66 69 1.0
67 106 1.0
67 63 2.0
67 12 5.0
67 2 1.0
67 118 1.0
67 4 1.0
67 98 1.0
67 218 1.0
67 58 1.0
67 129 1.0
67 224 2.0
67 31 2.0
67 8 7.0
67 9 4.0
67 59 1.0
67 48 2.0
67 87 2.0
67 212 1.0
68 20 1.0
68 21 1.0
68 23 3.0
68 36 1.0
68 79 2.0
69 86 1.0
69 58 1.0
69 50 3.0
69 66 1.0
69 21 1.0
69 47 1.0
69 48 1.0
69 87 1.0
69 88 1.0
69 37 1.0
69 89 1.0
69 52 7.0
70 5 1.0
70 17 6.0
70 19 1.0
70 13 1.0
70 59 2.0
70 22 11.0
70 51 2.0
70 49 5.0
70 64 1.0
70 26 4.0
71 4 5.0
71 40 4.0
71 41 1.0
71 18 2.0
71 55 6.0
71 14 2.0
71 20 1.0
71 21 3.0
71 22 2.0
71 90 1.0
71 43 3.0
71 93 3.0
71 36 4.0
71 94 1.0
71 89 1.0
71 56 2.0
71 83 2.0
71 76 2.0
72 114 1.0
72 2 3.0
72 18 1.0
72 132 4.0
72 130 5.0
72 214 1.0
72 93 1.0
73 13 1.0
73 6 1.0
73 75 1.0
73 44 3.0
74 13 2.0
74 6 1.0
74 44 3.0
75 13 8.0
75 6 4.0
75 209 1.0
75 23 2.0
75 73 2.0
75 44 3.0
76 4 3.0
76 14 1.0
76 35 4.0
76 43 5.0
76 73 1.0
76 74 2.0
77 42 1.0
77 13 3.0
77 6 7.0
77 34 1.0
77 35 1.0
77 74 4.0
77 44 2.0
78 190 1.0
79 190 1.0
80 190 1.0
81 190 1.0
82 3 2.0
82 4 2.0
82 7 1.0
82 23 2.0
82 46 4.0
82 73 4.0
82 74 1.0
83 84 1.0
83 71 1.0
83 41 1.0
83 21 1.0
83 35 1.0
83 25 1.0
83 85 1.0
83 65 4.0
84 151 1.0
84 152 2.0
84 155 2.0
84 156 2.0
84 157 1.0
84 158 2.0
84 2 25.0
84 86 2.0
84 118 3.0
84 4 3.0
84 187 1.0
84 163 1.0
84 142 1.0
84 175 1.0
84 180 1.0
84 188 1.0
84 189 1.0
84 190 6.0
85 12 1.0
85 60 3.0
85 211 2.0
85 44 9.0
86 151 1.0
86 152 2.0
86 155 2.0
86 156 2.0
86 157 1.0
86 158 2.0
86 12 25.0
86 84 2.0
86 117 3.0
86 3 3.0
86 187 1.0
86 163 1.0
86 191 1.0
86 175 1.0
86 180 1.0
86 188 1.0
86 189 1.0
86 190 6.0
87 106 1.0
87 236 1.0
87 109 1.0
87 2 1.0
87 86 1.0
87 117 1.0
87 4 3.0
87 119 1.0
87 103 1.0
87 47 3.0
87 48 3.0
87 43 1.0
87 46 4.0
87 52 1.0
87 44 3.0
88 190 1.0
89 2 1.0
89 60 4.0
89 212 2.0
89 44 9.0
90 3 8.0
90 4 6.0
90 213 1.0
90 218 3.0
90 187 2.0
90 71 1.0
90 58 2.0
90 15 2.0
90 27 1.0
90 31 1.0
90 14 3.0
90 7 6.0
90 132 2.0
90 130 4.0
90 23 1.0
90 47 2.0
90 48 5.0
90 73 1.0
90 74 1.0
90 77 1.0
90 75 1.0
90 91 1.0
91 12 1.0
91 3 6.0
91 29 1.0
91 6 1.0
91 7 1.0
91 23 1.0
91 35 4.0
91 43 3.0
91 78 1.0
91 79 1.0
91 77 3.0
92 3 2.0
92 4 2.0
92 48 1.0
92 39 1.0
92 39 2.0
93 101 1.0
93 114 1.0
93 216 1.0
93 235 1.0
93 141 1.0
93 12 1.0
93 86 2.0
93 3 2.0
93 71 1.0
93 47 1.0
93 48 3.0
93 43 4.0
93 36 1.0
93 25 1.0
93 78 2.0
93 104 2.0
93 65 1.0
93 44 5.0
94 190 1.0
95 63 1.0
95 67 1.0
95 240 1.0
95 12 5.0
95 198 1.0
95 119 2.0
95 142 7.0
95 125 2.0
95 172 2.0
95 207 4.0
95 204 1.0
95 72 1.0
95 241 1.0
95 61 1.0
96 97 1.0
96 60 1.0
96 44 1.0
97 166 2.0
97 227 1.0
97 221 1.0
97 44 29.0
98 2 2.0
98 84 4.0
98 86 1.0
98 118 4.0
98 3 4.0
98 202 1.0
98 198 1.0
98 119 1.0
98 206 1.0
98 191 1.0
98 125 2.0
98 172 4.0
98 207 1.0
98 145 1.0
98 186 1.0
99 107 1.0
99 2 1.0
99 4 3.0
99 6 10.0
99 7 12.0
99 52 1.0
100 101 1.0
100 102 11.0
100 11 3.0
100 19 1.0
100 13 12.0
100 103 2.0
100 104 2.0
101 1 1.0
101 114 2.0
101 2 1.0
101 84 4.0
101 86 5.0
101 3 1.0
101 98 4.0
101 224 1.0
101 132 3.0
101 22 1.0
101 22 1.0
101 77 2.0
102 100 2.0
102 113 2.0
102 1 4.0
102 114 7.0
102 135 1.0
102 136 1.0
102 4 4.0
102 137 1.0
102 13 7.0
102 59 1.0
102 132 3.0
102 89 4.0
102 104 7.0
103 102 6.0
103 108 5.0
103 201 1.0
103 11 1.0
103 5 1.0
103 137 3.0
103 191 1.0
103 13 6.0
103 6 1.0
103 65 5.0
103 52 2.0
104 222 1.0
104 64 5.0
104 131 3.0
104 44 4.0
105 106 1.0
105 107 1.0
105 108 8.0
105 109 1.0
105 99 3.0
105 110 2.0
105 111 1.0
105 6 12.0
105 9 2.0
105 103 3.0
105 89 1.0
105 112 2.0
105 52 1.0
106 84 3.0
106 86 4.0
106 3 1.0
106 119 3.0
106 130 4.0
106 33 1.0
106 209 1.0
106 75 2.0
107 105 1.0
107 108 6.0
107 139 1.0
107 191 1.0
107 6 4.0
107 7 4.0
108 122 1.0
108 1 9.0
108 114 1.0
108 3 4.0
108 4 1.0
108 137 2.0
108 6 7.0
108 130 4.0
108 85 5.0
108 112 3.0
109 106 1.0
109 105 2.0
109 122 9.0
109 114 3.0
109 2 5.0
109 86 3.0
109 117 5.0
109 118 1.0
109 4 2.0
109 142 1.0
109 111 1.0
109 6 2.0
109 87 2.0
110 105 4.0
110 108 4.0
110 28 1.0
110 86 2.0
110 6 1.0
110 103 2.0
110 112 1.0
111 105 1.0
111 201 1.0
111 12 1.0
111 2 2.0
111 84 3.0
111 86 7.0
111 3 1.0
111 198 3.0
111 187 4.0
111 233 1.0
111 193 2.0
111 125 5.0
111 172 7.0
111 145 1.0
111 6 2.0
111 9 1.0
111 130 1.0
111 190 3.0
112 223 3.0
112 64 3.0
112 72 4.0
112 44 4.0
113 101 1.0
113 1 11.0
113 149 2.0
113 102 2.0
113 115 2.0
113 140 1.0
113 141 3.0
113 124 1.0
113 191 1.0
113 215 1.0
114 2 1.0
114 86 3.0
114 3 1.0
114 13 1.0
114 14 4.0
114 132 14.0
114 130 1.0
114 131 1.0
114 73 3.0
114 133 1.0
115 126 3.0
115 128 1.0
115 113 4.0
115 122 3.0
115 1 1.0
115 114 7.0
115 10 4.0
115 107 12.0
115 139 1.0
115 138 1.0
115 124 2.0
116 100 3.0
116 113 7.0
116 1 5.0
116 141 1.0
116 12 2.0
116 84 6.0
116 117 2.0
116 118 4.0
116 13 4.0
116 132 1.0
116 22 1.0
116 103 1.0
117 151 1.0
117 152 2.0
117 153 2.0
117 156 1.0
117 157 1.0
117 12 70.0
117 84 1.0
117 118 2.0
117 159 3.0
117 160 2.0
117 161 6.0
117 162 4.0
117 163 3.0
117 166 1.0
117 167 1.0
117 192 1.0
117 193 1.0
117 170 3.0
117 194 1.0
117 125 1.0
117 173 3.0
117 186 6.0
117 176 1.0
117 178 1.0
117 179 3.0
117 181 1.0
117 182 2.0
118 151 1.0
118 152 2.0
118 153 2.0
118 156 1.0
118 157 1.0
118 2 70.0
118 86 1.0
118 117 2.0
118 159 3.0
118 160 2.0
118 161 6.0
118 162 4.0
118 163 3.0
118 166 1.0
118 167 1.0
118 192 1.0
118 193 1.0
118 184 3.0
118 194 1.0
118 172 1.0
118 173 3.0
118 174 6.0
118 176 1.0
118 178 1.0
118 179 3.0
118 181 1.0
118 182 2.0
119 12 2.0
119 84 1.0
119 86 5.0
119 117 3.0
119 4 4.0
119 199 1.0
119 123 1.0
119 142 1.0
119 125 1.0
119 172 3.0
119 204 2.0
119 148 1.0
119 205 1.0
119 90 2.0
119 174 1.0
120 100 8.0
120 114 1.0
120 102 7.0
120 84 1.0
120 13 3.0
120 85 1.0
121 122 10.0
121 114 11.0
121 115 1.0
121 109 3.0
121 2 2.0
121 84 1.0
121 86 2.0
121 117 5.0
121 118 2.0
121 123 1.0
121 98 2.0
121 124 3.0
121 31 1.0
121 125 2.0
121 20 1.0
121 21 1.0
122 106 1.0
122 121 1.0
122 114 12.0
122 108 1.0
122 115 1.0
122 139 1.0
122 124 1.0
122 205 2.0
123 121 2.0
123 201 1.0
123 84 1.0
123 118 1.0
123 202 5.0
123 198 2.0
123 119 1.0
123 98 2.0
123 203 4.0
123 145 2.0
123 8 1.0
123 103 3.0
123 89 1.0
123 104 1.0
123 200 1.0
124 121 1.0
124 122 2.0
124 1 1.0
124 114 3.0
124 10 4.0
124 107 9.0
124 138 2.0
125 151 1.0
125 154 2.0
125 12 7.0
125 2 9.0
125 84 4.0
125 86 16.0
125 117 3.0
125 118 6.0
125 3 2.0
125 4 1.0
125 119 3.0
125 187 1.0
125 160 1.0
125 232 4.0
125 168 5.0
125 192 7.0
125 169 3.0
125 253 4.0
125 137 4.0
125 184 1.0
125 171 1.0
125 172 3.0
125 42 1.0
125 256 1.0
125 96 5.0
125 90 2.0
125 78 2.0
125 254 1.0
125 262 1.0
125 263 4.0
125 264 1.0
125 265 5.0
125 266 3.0
125 267 2.0
126 127 1.0
126 10 7.0
127 126 5.0
127 113 2.0
127 1 2.0
127 115 3.0
127 5 3.0
127 14 1.0
127 96 1.0
127 39 1.0
128 107 11.0
128 115 1.0
129 63 1.0
129 67 2.0
129 1 1.0
129 114 2.0
129 12 13.0
129 2 18.0
129 84 4.0
129 86 5.0
129 117 6.0
129 118 14.0
129 137 1.0
129 224 1.0
130 106 1.0
130 1 4.0
130 12 2.0
130 84 2.0
130 86 5.0
130 119 1.0
130 213 1.0
130 7 1.0
130 90 1.0
130 47 2.0
130 48 1.0
130 210 2.0
130 211 3.0
130 212 3.0
130 73 2.0
130 74 3.0
130 44 4.0
131 1 1.0
131 12 5.0
131 132 3.0
131 130 5.0
131 93 1.0
132 12 1.0
132 84 2.0
132 86 3.0
132 14 1.0
132 90 1.0
132 47 1.0
132 48 3.0
132 210 1.0
132 72 1.0
132 211 3.0
132 212 2.0
132 74 5.0
132 77 1.0
132 44 4.0
133 114 1.0
133 219 1.0
133 132 1.0
133 214 2.0
133 131 9.0
133 72 4.0
133 173 1.0
133 196 3.0
133 178 1.0
133 179 1.0
133 200 2.0
133 197 1.0
133 44 5.0
134 128 5.0
134 135 2.0
134 28 1.0
134 99 1.0
134 0 3.0
134 14 1.0
134 7 2.0
134 39 1.0
135 105 1.0
135 113 4.0
135 1 7.0
135 114 3.0
135 10 12.0
135 107 6.0
135 138 4.0
135 124 2.0
135 6 1.0
136 1 1.0
136 10 2.0
136 102 1.0
136 135 1.0
136 115 1.0
136 141 2.0
136 138 2.0
136 124 2.0
137 102 3.0
137 201 3.0
137 11 1.0
137 99 1.0
137 12 3.0
137 84 1.0
137 3 8.0
137 4 6.0
137 232 1.0
137 168 3.0
137 192 1.0
137 169 1.0
137 253 2.0
137 185 2.0
137 125 5.0
137 42 2.0
137 13 1.0
137 6 2.0
137 130 1.0
137 103 1.0
137 72 1.0
137 211 1.0
137 212 1.0
137 89 3.0
137 85 2.0
137 104 3.0
137 112 2.0
137 177 1.0
137 133 1.0
137 254 2.0
138 113 2.0
138 122 4.0
138 1 1.0
138 114 1.0
138 10 13.0
138 12 1.0
138 13 2.0
139 105 3.0
139 128 9.0
139 107 2.0
139 108 7.0
139 135 1.0
139 115 2.0
139 110 2.0
139 205 2.0
139 103 1.0
140 113 9.0
140 1 3.0
140 127 1.0
140 141 1.0
141 113 11.0
141 1 3.0
141 149 2.0
141 144 1.0
142 1 1.0
142 114 1.0
142 102 1.0
142 108 1.0
142 157 1.0
142 116 2.0
142 117 3.0
142 202 2.0
142 119 1.0
142 120 1.0
142 95 2.0
142 163 2.0
142 164 1.0
142 169 1.0
142 191 1.0
142 204 2.0
142 148 1.0
142 205 3.0
142 130 1.0
142 87 1.0
142 173 1.0
142 186 3.0
142 181 1.0
142 182 1.0
142 238 4.0
142 245 2.0
142 244 5.0
142 44 3.0
142 44 21.0
143 122 3.0
143 135 2.0
143 109 1.0
143 138 1.0
143 124 2.0
144 141 4.0
144 145 13.0
145 113 6.0
145 144 1.0
145 141 4.0
145 187 1.0
145 219 1.0
145 195 1.0
145 193 1.0
145 191 3.0
145 93 1.0
145 200 1.0
145 39 1.0
146 147 4.0
146 142 1.0
146 148 13.0
147 122 11.0
147 114 1.0
147 150 1.0
147 139 1.0
148 122 7.0
148 147 4.0
148 199 1.0
148 187 1.0
148 219 1.0
148 195 1.0
148 193 1.0
148 142 1.0
148 205 1.0
148 200 1.0
148 39 1.0
149 113 5.0
149 216 1.0
149 140 2.0
149 141 2.0
149 86 2.0
149 117 1.0
149 118 1.0
149 4 1.0
149 202 4.0
149 199 1.0
149 198 1.0
149 123 2.0
149 119 1.0
149 145 1.0
149 215 1.0
149 104 1.0
149 39 1.0
149 39 1.0
150 122 4.0
150 28 2.0
150 146 2.0
150 147 2.0
150 118 1.0
150 202 3.0
150 199 2.0
150 98 1.0
150 191 1.0
150 142 2.0
150 205 1.0
150 87 2.0
150 39 1.0
151 159 1.0
151 200 1.0
151 44 1.0
152 165 1.0
152 249 16.0
152 268 2.0
152 44 15.0
153 161 1.0
153 166 1.0
153 167 1.0
153 249 2.0
153 227 16.0
153 44 15.0
154 160 1.0
154 197 1.0
154 44 15.0
155 161 1.0
155 197 2.0
155 189 16.0
155 44 15.0
156 189 2.0
156 231 16.0
156 44 15.0
157 162 1.0
157 231 2.0
157 234 16.0
157 44 15.0
158 163 1.0
158 234 2.0
158 269 16.0
158 44 15.0
159 200 1.0
159 197 1.0
159 44 10.0
160 219 1.0
160 200 1.0
160 197 23.0
160 189 6.0
160 44 29.0
161 162 1.0
161 233 1.0
161 189 23.0
161 231 6.0
161 44 29.0
162 163 1.0
162 275 1.0
162 231 23.0
162 234 6.0
162 269 1.0
162 44 29.0
163 164 1.0
163 276 1.0
163 269 23.0
163 271 1.0
163 44 29.0
164 165 1.0
164 276 1.0
164 273 23.0
164 268 1.0
164 44 29.0
165 166 1.0
165 97 1.0
165 249 23.0
165 227 1.0
165 44 29.0
166 167 1.0
166 97 1.0
166 227 23.0
166 221 1.0
166 44 29.0
167 97 1.0
167 227 23.0
167 221 1.0
167 44 29.0
168 156 1.0
168 233 4.0
168 275 9.0
168 189 1.0
168 231 9.0
168 234 22.0
168 269 7.0
168 44 22.0
169 270 1.0
169 272 1.0
169 276 4.0
169 277 9.0
169 234 1.0
169 269 9.0
169 271 22.0
169 273 7.0
169 44 22.0
170 12 5.0
170 2 4.0
170 117 4.0
170 118 2.0
170 119 1.0
170 255 1.0
170 207 1.0
170 256 1.0
171 213 22.0
171 137 61.0
171 185 1.0
171 125 2.0
171 217 1.0
171 42 2.0
171 246 1.0
171 190 4.0
172 201 1.0
172 151 1.0
172 154 2.0
172 12 8.0
172 2 10.0
172 84 9.0
172 86 6.0
172 117 6.0
172 118 1.0
172 3 3.0
172 4 1.0
172 187 1.0
172 160 1.0
172 232 4.0
172 168 5.0
172 192 7.0
172 169 3.0
172 253 4.0
172 137 4.0
172 129 1.0
172 170 1.0
172 185 1.0
172 125 1.0
172 42 1.0
172 220 1.0
172 96 4.0
172 79 1.0
172 254 1.0
172 262 1.0
172 263 4.0
172 264 1.0
172 265 5.0
172 266 3.0
172 267 2.0
173 178 1.0
174 190 1.0
175 277 8.0
175 176 1.0
175 44 10.0
176 97 8.0
176 177 1.0
176 249 3.0
176 227 2.0
176 44 10.0
177 153 2.0
177 166 3.0
177 167 5.0
177 253 4.0
177 97 2.0
177 170 2.0
177 125 2.0
177 172 3.0
177 176 1.0
177 221 2.0
177 183 11.0
177 44 14.0
178 219 8.0
178 179 1.0
178 200 1.0
178 197 3.0
178 44 10.0
179 219 18.0
179 233 11.0
179 180 1.0
179 197 3.0
179 189 2.0
179 44 31.0
180 233 8.0
180 181 1.0
180 231 1.0
180 44 10.0
181 275 8.0
181 182 1.0
181 231 3.0
181 234 2.0
181 44 10.0
182 275 8.0
182 188 1.0
182 44 10.0
183 177 1.0
183 44 8.0
184 12 3.0
184 2 7.0
184 117 1.0
184 118 3.0
184 98 1.0
184 194 1.0
184 172 3.0
184 42 1.0
184 256 1.0
185 218 22.0
185 137 61.0
185 171 1.0
185 172 2.0
185 217 1.0
185 42 2.0
185 246 1.0
185 190 4.0
186 190 1.0
187 151 1.0
187 4 1.0
187 199 1.0
187 160 1.0
187 219 1.0
187 97 2.0
187 111 1.0
187 220 1.0
187 173 5.0
187 174 7.0
187 221 3.0
187 44 6.0
188 276 8.0
188 279 1.0
188 269 3.0
188 271 2.0
188 44 10.0
189 155 2.0
189 237 2.0
189 44 25.0
191 113 2.0
191 102 2.0
191 108 1.0
191 157 1.0
191 116 1.0
191 109 2.0
191 146 1.0
191 141 1.0
191 117 3.0
191 202 6.0
191 119 2.0
191 120 2.0
191 110 2.0
191 163 1.0
191 142 3.0
191 215 3.0
191 132 2.0
191 173 1.0
191 186 3.0
191 182 1.0
191 238 2.0
191 244 10.0
191 44 3.0
191 44 22.0
192 157 1.0
192 158 1.0
192 275 4.0
192 276 9.0
192 231 1.0
192 234 9.0
192 269 22.0
192 271 7.0
192 44 22.0
193 1 1.0
193 114 3.0
193 12 5.0
193 2 7.0
193 84 1.0
193 213 2.0
193 218 1.0
193 195 1.0
193 14 1.0
193 8 5.0
193 9 5.0
193 214 2.0
193 210 4.0
194 12 7.0
194 2 7.0
194 118 23.0
194 226 1.0
194 170 1.0
194 204 1.0
195 1 2.0
195 114 5.0
195 213 7.0
195 218 7.0
195 187 2.0
195 166 2.0
195 97 1.0
195 97 3.0
195 193 5.0
195 250 1.0
195 111 2.0
195 8 2.0
195 9 3.0
195 59 1.0
195 64 1.0
195 214 2.0
195 210 4.0
195 85 1.0
195 44 5.0
195 190 5.0
196 219 8.0
196 178 1.0
196 133 1.0
196 200 3.0
196 44 10.0
197 155 2.0
197 237 2.0
197 44 8.0
198 105 3.0
198 86 2.0
198 117 1.0
198 199 5.0
198 123 2.0
198 119 4.0
198 98 1.0
198 110 1.0
198 111 1.0
198 148 2.0
198 130 1.0
198 103 3.0
198 85 2.0
198 112 2.0
198 200 1.0
199 84 1.0
199 86 8.0
199 202 4.0
199 226 2.0
199 123 5.0
199 119 4.0
199 187 1.0
199 142 2.0
199 185 1.0
199 145 1.0
199 227 1.0
199 44 2.0
200 219 1.0
200 196 2.0
200 44 8.0
201 12 5.0
201 2 3.0
201 84 4.0
201 86 5.0
201 117 1.0
201 118 1.0
201 119 1.0
201 0 2.0
201 5 2.0
201 137 1.0
201 125 1.0
201 172 2.0
201 203 1.0
201 13 3.0
201 6 2.0
201 65 1.0
202 84 5.0
202 199 5.0
202 226 2.0
202 123 6.0
202 98 4.0
202 187 1.0
202 191 1.0
202 171 1.0
202 145 2.0
202 133 1.0
202 227 1.0
202 44 2.0
203 101 1.0
203 201 1.0
203 12 2.0
203 2 2.0
203 84 5.0
203 86 6.0
203 118 2.0
203 4 1.0
203 123 2.0
203 187 4.0
203 233 1.0
203 193 2.0
203 172 4.0
203 148 1.0
203 8 2.0
203 190 3.0
204 2 6.0
204 86 3.0
204 118 6.0
204 4 3.0
204 199 1.0
204 226 1.0
204 119 2.0
204 98 7.0
204 187 4.0
204 225 2.0
204 95 3.0
204 219 2.0
204 233 1.0
204 194 3.0
204 172 2.0
204 207 5.0
204 252 2.0
204 220 3.0
204 205 1.0
204 238 2.0
204 245 1.0
204 221 1.0
204 189 2.0
204 231 4.0
204 44 7.0
204 190 2.0
205 109 2.0
205 84 1.0
205 86 16.0
205 202 1.0
205 198 1.0
205 119 1.0
205 98 2.0
205 142 1.0
205 125 1.0
205 172 1.0
205 111 4.0
205 130 4.0
205 33 1.0
206 67 3.0
206 84 6.0
206 86 5.0
206 98 1.0
206 225 3.0
206 95 4.0
206 159 1.0
206 159 1.0
206 125 4.0
206 172 6.0
206 42 3.0
206 96 1.0
206 78 1.0
207 2 6.0
207 86 3.0
207 118 6.0
207 4 3.0
207 199 1.0
207 226 1.0
207 119 3.0
207 98 7.0
207 187 4.0
207 95 3.0
207 219 2.0
207 233 1.0
207 194 3.0
207 172 2.0
207 204 4.0
207 252 2.0
207 256 3.0
207 205 1.0
207 238 2.0
207 245 1.0
207 221 1.0
207 189 2.0
207 231 4.0
207 44 7.0
207 190 2.0
208 101 1.0
208 126 5.0
208 10 1.0
208 102 10.0
208 135 4.0
208 140 1.0
208 120 1.0
209 13 2.0
209 6 2.0
209 23 1.0
209 48 1.0
209 46 1.0
209 64 1.0
209 131 2.0
209 25 2.0
209 73 2.0
209 75 2.0
209 44 5.0
210 114 1.0
210 213 1.0
210 218 3.0
210 48 2.0
210 44 4.0
211 12 15.0
211 31 1.0
211 132 2.0
211 130 9.0
211 210 2.0
211 74 6.0
212 2 11.0
212 132 4.0
212 130 1.0
212 73 6.0
213 84 1.0
213 3 2.0
213 4 1.0
213 206 1.0
213 137 1.0
213 185 4.0
213 217 1.0
213 148 1.0
213 132 2.0
213 130 1.0
213 72 1.0
213 37 1.0
213 190 5.0
214 1 1.0
214 213 1.0
214 218 4.0
214 47 5.0
214 48 1.0
214 87 1.0
214 44 5.0
215 216 2.0
215 84 10.0
215 86 1.0
215 123 1.0
215 98 2.0
215 203 3.0
215 132 2.0
215 130 1.0
216 118 1.0
216 3 1.0
216 225 5.0
216 71 3.0
216 15 1.0
216 125 4.0
216 172 2.0
216 35 1.0
216 93 1.0
216 239 1.0
217 213 11.0
217 206 1.0
217 137 3.0
217 171 10.0
217 125 2.0
217 42 2.0
217 190 1.0
218 137 1.0
218 171 4.0
218 217 1.0
218 203 1.0
218 145 1.0
218 132 3.0
218 130 3.0
218 131 1.0
218 85 1.0
218 73 1.0
218 74 2.0
218 75 1.0
218 190 5.0
219 159 2.0
219 200 1.0
219 197 1.0
219 44 29.0
220 2 1.0
220 118 1.0
220 119 1.0
220 172 1.0
220 252 3.0
220 256 1.0
220 177 1.0
221 177 1.0
221 44 8.0
222 72 3.0
222 112 5.0
223 131 5.0
223 104 6.0
224 67 2.0
224 114 1.0
224 12 10.0
224 2 4.0
224 84 4.0
224 86 2.0
224 117 10.0
224 118 2.0
224 3 3.0
224 4 2.0
224 137 1.0
224 129 1.0
224 125 2.0
224 133 1.0
224 190 3.0
225 63 4.0
225 2 2.0
225 198 1.0
225 98 1.0
225 191 4.0
225 125 2.0
225 207 1.0
225 204 2.0
225 131 2.0
225 56 1.0
225 39 1.0
226 12 3.0
226 2 1.0
226 84 4.0
226 117 1.0
226 118 1.0
226 4 1.0
226 202 1.0
226 98 1.0
226 166 1.0
226 166 1.0
226 195 1.0
226 228 2.0
226 229 1.0
226 125 1.0
226 172 1.0
226 207 2.0
226 204 2.0
226 203 1.0
226 111 1.0
226 145 1.0
226 148 1.0
226 176 1.0
226 176 1.0
226 190 1.0
226 190 1.0
227 44 8.0
228 118 1.0
228 202 3.0
228 226 5.0
228 198 1.0
228 123 1.0
228 166 1.0
228 137 2.0
228 229 5.0
228 255 5.0
228 257 4.0
228 145 2.0
229 226 3.0
229 123 1.0
229 137 2.0
229 228 6.0
229 255 1.0
229 257 5.0
229 145 2.0
230 151 1.0
230 154 1.0
230 219 4.0
230 200 1.0
230 197 9.0
230 189 22.0
230 231 7.0
230 44 22.0
231 44 25.0
232 155 1.0
232 219 1.0
232 233 4.0
232 197 1.0
232 189 9.0
232 231 22.0
232 234 7.0
232 44 22.0
233 161 2.0
233 189 1.0
233 231 1.0
233 44 29.0
234 44 25.0
235 211 3.0
235 85 2.0
235 77 1.0
236 36 1.0
236 212 3.0
236 89 1.0
236 74 1.0
236 77 1.0
237 219 19.0
237 233 1.0
237 178 1.0
237 238 1.0
237 197 6.0
237 189 4.0
237 44 23.0
238 233 4.0
238 142 1.0
238 200 1.0
238 231 2.0
238 44 2.0
238 44 8.0
239 114 1.0
239 216 1.0
239 12 2.0
239 2 3.0
239 3 1.0
239 129 1.0
239 21 1.0
239 90 2.0
239 214 1.0
240 95 5.0
240 58 1.0
240 27 1.0
240 172 2.0
240 23 1.0
240 88 1.0
241 16 1.0
241 1 2.0
241 12 2.0
241 84 5.0
241 86 4.0
241 137 3.0
241 24 2.0
241 36 1.0
242 190 1.0
243 190 1.0
244 202 1.0
244 199 1.0
244 195 1.0
244 193 2.0
244 245 1.0
244 283 1.0
244 44 10.0
245 187 1.0
245 219 2.0
245 233 4.0
245 275 4.0
245 276 10.0
245 142 1.0
245 148 3.0
245 252 1.0
245 282 2.0
245 238 1.0
245 283 1.0
245 200 1.0
245 197 1.0
245 189 1.0
245 231 2.0
245 234 4.0
245 269 3.0
245 271 5.0
245 44 8.0
246 277 8.0
246 175 1.0
246 273 3.0
246 268 2.0
246 44 30.0
247 12 27.0
247 137 3.0
247 172 28.0
247 248 1.0
247 190 1.0
248 2 27.0
248 137 3.0
248 125 28.0
248 247 1.0
248 190 1.0
249 44 8.0
250 167 1.0
250 97 1.0
250 204 1.0
250 44 1.0
251 97 1.0
251 44 1.0
252 190 1.0
253 152 1.0
253 153 1.0
253 97 4.0
253 249 22.0
253 227 7.0
253 273 1.0
253 268 9.0
253 44 22.0
254 97 15.0
254 177 1.0
254 44 18.0
255 12 9.0
255 2 6.0
255 117 1.0
255 257 1.0
255 125 13.0
255 177 2.0
256 12 1.0
256 117 1.0
256 98 1.0
256 125 1.0
256 252 3.0
256 220 1.0
256 177 1.0
257 12 7.0
257 2 7.0
257 117 1.0
257 118 1.0
257 255 1.0
257 125 6.0
257 172 3.0
257 177 1.0
258 12 1.0
258 137 5.0
258 170 1.0
258 125 2.0
258 177 1.0
259 123 1.0
259 167 6.0
259 137 7.0
259 184 1.0
259 258 1.0
259 172 8.0
259 177 1.0
260 191 2.0
261 12 5.0
261 117 4.0
261 137 5.0
261 142 2.0
261 185 5.0
261 172 1.0
262 233 15.0
262 44 18.0
263 233 6.0
263 275 15.0
263 44 18.0
264 275 15.0
264 44 18.0
265 275 6.0
265 276 15.0
265 44 18.0
266 276 15.0
266 44 18.0
267 276 6.0
267 277 15.0
267 44 18.0
268 44 25.0
269 44 25.0
270 269 2.0
270 271 16.0
270 44 15.0
271 44 25.0
272 164 1.0
272 271 2.0
272 273 16.0
272 44 15.0
273 44 25.0
274 273 2.0
274 268 16.0
274 44 15.0
275 162 2.0
275 234 1.0
275 269 1.0
275 44 29.0
276 164 2.0
276 271 1.0
276 273 1.0
276 44 29.0
277 165 2.0
277 249 1.0
277 268 1.0
277 44 29.0
278 274 1.0
278 277 4.0
278 97 9.0
278 269 1.0
278 271 9.0
278 273 22.0
278 268 7.0
278 44 22.0
279 276 8.0
279 246 1.0
279 44 10.0
280 277 6.0
280 97 15.0
280 44 18.0
281 277 15.0
281 44 18.0
282 219 1.0
282 142 1.0
282 238 1.0
282 200 1.0
282 44 2.0
282 44 2.0
283 202 1.0
283 199 1.0
283 276 2.0
283 195 2.0
283 193 2.0
283 244 2.0
283 44 8.0
284 187 1.0
284 233 1.0
284 275 1.0
284 276 1.0
284 277 1.0
284 142 1.0
284 145 1.0
284 244 1.0
284 249 1.0
284 227 1.0
284 221 1.0
284 183 1.0
284 271 1.0
284 273 1.0
284 268 1.0
284 44 1.0
284 44 10.0
285 44 1.0
286 44 1.0
287 44 1.0
288 44 1.0
289 44 1.0
290 44 1.0
291 44 1.0
292 44 1.0
293 44 1.0
294 44 1.0
295 190 1.0
296 190 1.0
