475
0 262 1
1 240 2
1 249 1
1 425 1
2 64 1
2 277 2
3 198 1
4 32 1
4 156 1
4 282 1
4 373 1
4 403 1
5 99 1
5 405 1
6 54 2
6 67 1
6 102 1
6 106 1
6 111 2
6 140 1
6 147 2
6 211 1
6 255 1
6 307 1
6 316 2
6 372 1
6 374 2
6 422 1
6 462 1
7 31 1
7 81 1
8 139 1
8 359 1
8 440 1
8 469 1
9 45 1
9 82 1
9 88 1
9 276 1
9 451 1
10 47 1
10 142 1
11 236 1
11 379 1
11 428 1
11 445 1
12 30 1
12 239 2
13 338 1
13 449 2
14 375 1
14 421 1
15 135 1
15 164 1
15 166 1
16 308 1
16 359 1
17 351 1
18 154 2
18 195 1
18 265 1
18 338 4
18 439 2
18 444 1
18 449 4
18 457 1
19 168 1
20 266 1
20 273 1
21 80 1
21 243 1
22 185 1
22 226 1
22 392 1
23 103 1
23 237 1
24 267 1
24 362 1
25 240 1
25 395 1
25 419 1
25 467 1
26 444 1
27 232 1
28 70 1
28 86 1
28 87 1
28 96 1
28 138 1
28 181 1
28 324 1
28 335 1
28 367 1
28 370 1
28 389 1
28 415 1
28 447 1
29 167 1
30 12 1
30 239 1
31 7 1
31 81 1
32 4 1
32 156 1
32 282 1
32 373 1
32 403 1
33 202 1
33 268 1
33 432 1
34 159 1
34 194 1
34 438 1
35 95 1
36 287 1
37 110 1
37 431 2
38 443 1
39 417 2
40 68 1
40 109 1
41 214 1
42 77 1
42 388 1
42 412 1
43 215 1
43 438 1
44 196 1
45 9 1
45 82 1
45 88 1
45 276 1
45 451 1
46 72 1
46 247 1
47 10 1
47 142 1
48 71 1
48 100 1
48 172 1
48 326 1
48 403 1
49 240 1
49 416 2
50 52 1
50 245 1
50 251 1
50 401 1
51 85 1
51 206 1
52 50 1
52 245 1
52 251 1
52 401 1
53 90 1
53 114 1
54 6 2
54 67 1
54 106 1
54 111 2
54 140 1
54 147 2
54 255 1
54 307 1
54 316 2
54 374 2
55 112 1
55 123 1
55 259 1
56 97 1
56 264 1
56 279 1
56 440 1
57 471 1
58 134 1
58 357 1
59 461 1
60 89 2
60 393 2
61 319 1
62 287 1
63 122 7
63 146 8
63 161 8
63 190 1
63 210 1
63 285 1
63 349 8
63 409 1
64 2 1
64 76 1
65 466 1
66 298 1
66 327 1
67 6 1
67 54 1
67 111 1
67 140 1
67 147 1
67 307 1
67 316 1
67 374 1
68 40 1
68 109 1
69 424 1
70 28 1
70 335 1
70 415 1
70 447 1
71 48 1
71 100 1
71 172 1
71 326 1
71 403 1
72 46 1
72 247 1
73 94 1
73 95 1
73 262 1
74 191 1
74 199 1
75 157 1
75 262 1
75 366 1
75 455 1
75 464 1
75 468 1
76 64 1
77 42 1
77 388 1
77 412 1
78 171 1
79 423 1
80 21 1
80 243 1
81 7 1
81 31 1
82 9 1
82 45 1
82 88 1
82 276 1
82 451 1
83 217 1
83 235 1
83 240 1
84 414 1
85 51 1
85 206 1
85 242 2
85 290 1
85 329 1
85 421 1
86 28 1
86 181 1
87 28 1
87 324 1
87 370 1
88 9 1
88 45 1
88 82 1
88 276 1
88 451 1
89 60 2
89 393 2
90 53 1
90 114 1
91 376 1
92 328 2
93 143 1
93 358 1
93 469 1
94 73 1
94 262 1
95 35 1
95 73 1
95 200 1
95 425 1
96 28 1
96 367 1
97 56 1
97 264 1
97 279 1
98 126 1
99 5 1
99 405 1
100 48 1
100 71 1
100 172 1
100 326 1
100 403 1
101 396 1
102 6 1
102 211 1
102 372 1
102 422 1
102 462 1
103 23 1
103 237 1
104 237 1
104 262 1
104 270 1
104 310 1
104 340 1
104 421 2
104 448 1
105 262 1
105 387 1
106 6 1
106 54 1
106 111 1
106 147 1
106 255 1
106 316 1
106 374 1
107 167 1
107 341 1
108 271 1
109 40 1
109 68 1
110 37 1
110 431 1
111 6 2
111 54 2
111 67 1
111 106 1
111 140 1
111 147 2
111 255 1
111 307 1
111 316 2
111 374 2
112 55 1
112 123 1
112 259 1
113 355 1
114 53 1
114 90 1
115 301 1
115 359 2
116 281 1
116 433 1
117 437 1
118 275 1
118 436 1
119 263 1
119 278 1
119 280 1
119 364 1
120 287 1
121 173 1
122 63 7
122 146 6
122 160 1
122 161 7
122 210 1
122 329 2
122 349 7
122 409 1
123 55 1
123 112 1
123 259 1
124 257 2
125 183 1
125 452 1
126 98 1
127 456 1
128 165 1
128 213 1
128 217 1
128 435 1
129 178 1
129 283 1
129 335 1
129 348 1
130 274 1
130 346 1
131 270 1
132 133 1
132 201 1
132 382 1
132 440 1
133 132 1
133 201 1
134 58 1
134 357 1
135 15 1
135 164 1
135 166 1
136 359 1
137 203 1
138 28 1
138 389 1
139 8 1
139 469 1
140 6 1
140 54 1
140 67 1
140 111 1
140 147 1
140 307 1
140 316 1
140 374 1
141 288 1
142 10 1
142 47 1
143 93 1
143 207 1
143 284 1
143 292 1
143 347 1
143 350 1
143 358 4
143 440 1
143 469 2
144 248 1
144 444 1
144 446 1
145 336 1
145 472 1
146 63 8
146 122 6
146 161 8
146 210 1
146 349 8
146 409 1
147 6 2
147 54 2
147 67 1
147 106 1
147 111 2
147 140 1
147 255 1
147 307 1
147 316 2
147 374 2
148 392 1
149 242 1
150 286 1
150 442 1
151 175 2
151 337 2
152 416 1
153 174 1
153 407 1
154 18 2
154 195 1
154 265 2
154 439 1
154 457 1
155 177 1
155 203 1
156 4 1
156 32 1
156 282 1
156 373 1
156 403 1
157 75 1
157 322 1
157 334 1
157 366 1
157 411 1
158 352 1
158 418 1
159 34 1
160 122 1
161 63 8
161 122 7
161 146 8
161 210 1
161 260 2
161 285 1
161 349 14
161 409 1
162 180 1
162 399 1
163 182 1
163 398 1
163 400 1
164 15 1
164 135 1
164 166 1
165 128 1
165 213 1
166 15 1
166 135 1
166 164 1
167 29 1
167 107 1
167 341 1
167 342 1
168 19 1
169 452 1
170 300 1
171 78 1
172 48 1
172 71 1
172 100 1
172 326 1
172 403 1
173 121 1
174 153 1
174 407 1
175 151 2
175 337 2
176 271 1
177 155 1
177 203 1
178 129 1
179 397 1
180 162 1
180 399 1
181 28 1
181 86 1
181 238 1
182 163 1
182 398 1
182 400 1
183 125 1
183 452 1
184 261 1
184 352 1
184 418 1
185 22 1
185 226 1
185 392 1
186 454 1
187 304 1
188 406 1
189 474 1
190 63 1
190 349 1
191 74 1
191 199 1
191 200 1
191 425 1
192 361 1
193 222 1
193 396 1
194 34 1
195 18 1
195 154 1
195 265 1
196 44 1
197 313 1
197 321 1
198 3 1
198 232 1
198 355 2
199 74 1
199 191 1
200 95 1
200 191 1
200 272 2
200 309 1
200 425 2
201 132 1
201 133 1
202 33 1
202 268 1
202 432 1
203 137 1
203 155 1
203 177 1
204 299 1
205 410 1
206 51 1
206 85 1
207 143 1
207 358 1
208 262 1
208 391 1
209 306 1
210 63 1
210 122 1
210 146 1
210 161 1
210 349 1
211 6 1
211 102 1
211 372 1
211 422 1
211 462 1
212 254 1
213 128 1
213 165 1
214 41 1
215 43 1
215 231 1
215 289 2
215 381 1
215 421 1
215 438 1
215 460 1
216 246 1
217 83 1
217 128 1
217 235 1
217 240 1
217 250 1
217 435 4
218 219 1
218 356 1
219 218 1
219 356 1
220 320 1
220 375 1
221 404 1
222 193 1
222 396 1
223 302 1
224 416 1
225 305 1
225 380 1
226 22 1
226 185 1
226 392 1
227 421 1
228 296 1
228 297 1
229 230 1
229 315 1
229 421 1
230 229 1
230 315 1
230 421 1
231 215 1
232 27 1
232 198 1
232 355 1
233 441 1
234 293 1
235 83 1
235 217 1
235 240 1
236 11 1
236 379 1
236 428 1
236 445 1
237 23 1
237 103 1
237 104 1
238 181 1
239 12 2
239 30 1
240 1 2
240 25 1
240 49 1
240 83 1
240 217 1
240 235 1
240 395 1
240 416 2
240 419 1
240 467 1
241 338 1
242 85 2
242 149 1
242 421 1
243 21 1
243 80 1
243 333 1
244 344 1
244 402 1
245 50 1
245 52 1
245 251 1
245 401 1
246 216 1
247 46 1
247 72 1
248 144 1
248 444 1
248 446 1
249 1 1
250 217 1
250 435 1
251 50 1
251 52 1
251 245 1
251 401 1
252 354 1
253 426 1
254 212 1
255 6 1
255 54 1
255 106 1
255 111 1
255 147 1
255 316 1
255 374 1
256 413 2
257 124 2
258 360 1
258 430 1
259 55 1
259 112 1
259 123 1
260 161 2
260 349 2
261 184 1
261 352 2
261 418 2
261 465 1
262 0 1
262 73 1
262 75 1
262 94 1
262 104 1
262 105 1
262 208 1
262 387 1
262 391 1
262 421 1
262 448 1
262 455 1
262 464 1
262 468 1
263 119 1
263 278 1
263 364 1
264 56 1
264 97 1
264 279 1
265 18 1
265 154 2
265 195 1
266 20 1
267 24 1
267 362 1
268 33 1
268 202 1
268 432 1
269 311 1
270 104 1
270 131 1
270 310 1
271 108 1
271 176 1
272 200 2
273 20 1
274 130 1
274 346 1
275 118 1
275 436 1
276 9 1
276 45 1
276 82 1
276 88 1
276 451 1
277 2 2
278 119 1
278 263 1
278 364 1
279 56 1
279 97 1
279 264 1
280 119 1
281 116 1
281 433 1
282 4 1
282 32 1
282 156 1
282 373 1
282 403 1
283 129 1
284 143 1
284 347 1
284 358 1
284 440 1
285 63 1
285 161 1
285 349 1
286 150 1
286 442 1
287 36 1
287 62 1
287 120 1
288 141 1
289 215 2
289 343 1
289 421 17
290 85 1
291 440 1
292 143 1
292 318 1
293 234 1
294 384 1
295 322 1
296 228 1
296 297 1
297 228 1
297 296 1
298 66 1
298 327 1
299 204 1
300 170 1
301 115 1
301 359 1
302 223 1
303 329 1
304 187 1
305 225 1
305 380 1
306 209 1
306 470 1
307 6 1
307 54 1
307 67 1
307 111 1
307 140 1
307 147 1
307 316 1
307 374 1
308 16 1
308 359 1
309 200 1
310 104 1
310 270 1
311 269 1
312 429 1
312 436 1
313 197 1
313 321 1
314 396 1
315 229 1
315 230 1
315 421 1
316 6 2
316 54 2
316 67 1
316 106 1
316 111 2
316 140 1
316 147 2
316 255 1
316 307 1
316 374 2
317 440 1
318 292 1
318 365 1
319 61 1
320 220 1
321 197 1
321 313 1
322 157 1
322 295 1
322 411 1
323 368 1
324 28 1
324 87 1
324 370 1
325 331 1
326 48 1
326 71 1
326 100 1
326 172 1
326 403 1
327 66 1
327 298 1
328 92 2
329 85 1
329 122 2
329 303 1
330 390 1
331 325 1
332 434 1
333 243 1
333 338 3
333 435 1
334 157 1
335 28 1
335 70 1
335 129 1
335 415 1
335 447 1
336 145 1
336 472 1
337 151 2
337 175 2
338 13 1
338 18 4
338 241 1
338 333 3
338 435 1
338 449 4
339 427 1
340 104 1
341 107 1
341 167 1
342 167 1
343 289 1
343 421 1
344 244 1
344 402 1
345 359 2
346 130 1
346 274 1
347 143 1
347 284 1
347 358 1
347 440 1
348 129 1
349 63 8
349 122 7
349 146 8
349 161 14
349 190 1
349 210 1
349 260 2
349 285 1
349 409 1
350 143 1
350 358 1
351 17 1
352 158 1
352 184 1
352 261 2
352 418 3
352 465 1
353 377 1
354 252 1
355 113 1
355 198 2
355 232 1
356 218 1
356 219 1
357 58 1
357 134 1
358 93 1
358 143 4
358 207 1
358 284 1
358 347 1
358 350 1
358 394 2
358 440 1
358 469 1
359 8 1
359 16 1
359 115 2
359 136 1
359 301 1
359 308 1
359 345 2
359 440 1
359 473 1
360 258 1
360 430 1
361 192 1
362 24 1
362 267 1
363 369 1
364 119 1
364 263 1
364 278 1
365 318 1
366 75 1
366 157 1
367 28 1
367 96 1
368 323 1
369 363 1
370 28 1
370 87 1
370 324 1
371 385 1
372 6 1
372 102 1
372 211 1
372 422 1
372 462 1
373 4 1
373 32 1
373 156 1
373 282 1
373 403 1
374 6 2
374 54 2
374 67 1
374 106 1
374 111 2
374 140 1
374 147 2
374 255 1
374 307 1
374 316 2
375 14 1
375 220 1
375 421 1
376 91 1
377 353 1
378 420 1
379 11 1
379 236 1
379 428 1
379 445 1
380 225 1
380 305 1
381 215 1
381 460 1
382 132 1
383 437 1
384 294 1
385 371 1
386 453 1
387 105 1
387 262 1
388 42 1
388 77 1
388 412 1
389 28 1
389 138 1
390 330 1
391 208 1
391 262 1
392 22 1
392 148 1
392 185 1
392 226 1
392 459 1
393 60 2
393 89 2
394 358 2
395 25 1
395 240 1
395 419 1
395 467 1
396 101 1
396 193 1
396 222 1
396 314 1
396 463 1
397 179 1
398 163 1
398 182 1
398 400 1
399 162 1
399 180 1
400 163 1
400 182 1
400 398 1
401 50 1
401 52 1
401 245 1
401 251 1
402 244 1
402 344 1
403 4 1
403 32 1
403 48 1
403 71 1
403 100 1
403 156 1
403 172 1
403 282 1
403 326 1
403 373 1
404 221 1
405 5 1
405 99 1
406 188 1
407 153 1
407 174 1
408 450 1
408 458 1
409 63 1
409 122 1
409 146 1
409 161 1
409 349 1
410 205 1
411 157 1
411 322 1
412 42 1
412 77 1
412 388 1
413 256 2
414 84 1
415 28 1
415 70 1
415 335 1
415 447 1
416 49 2
416 152 1
416 224 1
416 240 2
417 39 2
418 158 1
418 184 1
418 261 2
418 352 3
418 460 1
418 465 1
419 25 1
419 240 1
419 395 1
419 467 1
420 378 1
421 14 1
421 85 1
421 104 2
421 215 1
421 227 1
421 229 1
421 230 1
421 242 1
421 262 1
421 289 17
421 315 1
421 343 1
421 375 1
422 6 1
422 102 1
422 211 1
422 372 1
422 462 1
423 79 1
424 69 1
425 1 1
425 95 1
425 191 1
425 200 2
426 253 1
427 339 1
428 11 1
428 236 1
428 379 1
428 445 1
429 312 1
429 436 1
430 258 1
430 360 1
431 37 2
431 110 1
432 33 1
432 202 1
432 268 1
433 116 1
433 281 1
434 332 1
435 128 1
435 217 4
435 250 1
435 333 1
435 338 1
436 118 1
436 275 1
436 312 1
436 429 1
437 117 1
437 383 1
438 34 1
438 43 1
438 215 1
439 18 2
439 154 1
439 457 1
440 8 1
440 56 1
440 132 1
440 143 1
440 284 1
440 291 1
440 317 1
440 347 1
440 358 1
440 359 1
441 233 1
442 150 1
442 286 1
443 38 1
444 18 1
444 26 1
444 144 1
444 248 1
444 446 1
445 11 1
445 236 1
445 379 1
445 428 1
446 144 1
446 248 1
446 444 1
447 28 1
447 70 1
447 335 1
447 415 1
448 104 1
448 262 1
449 13 2
449 18 4
449 338 4
450 408 1
451 9 1
451 45 1
451 82 1
451 88 1
451 276 1
452 125 1
452 169 1
452 183 1
453 386 1
454 186 1
455 75 1
455 262 1
455 464 1
455 468 1
456 127 1
457 18 1
457 154 1
457 439 1
458 408 1
459 392 1
460 215 1
460 381 1
460 418 1
461 59 1
462 6 1
462 102 1
462 211 1
462 372 1
462 422 1
463 396 1
464 75 1
464 262 1
464 455 1
464 468 1
465 261 1
465 352 1
465 418 1
466 65 1
467 25 1
467 240 1
467 395 1
467 419 1
468 75 1
468 262 1
468 455 1
468 464 1
469 8 1
469 93 1
469 139 1
469 143 2
469 358 1
470 306 1
471 57 1
472 145 1
472 336 1
473 359 1
474 189 1
