34
0 1 4
0 2 5
0 3 3
0 4 3
0 5 3
0 6 3
0 7 2
0 8 2
0 10 2
0 11 3
0 12 1
0 13 3
0 17 2
0 19 2
0 21 2
0 31 2
1 0 4
1 2 6
1 3 3
1 7 4
1 13 5
1 17 1
1 19 2
1 21 2
1 30 2
2 0 5
2 1 6
2 3 3
2 7 4
2 8 5
2 9 1
2 13 3
2 27 2
2 28 2
2 32 2
3 0 3
3 1 3
3 2 3
3 7 3
3 12 3
3 13 3
4 0 3
4 6 2
4 10 3
5 0 3
5 6 5
5 10 3
5 16 3
6 0 3
6 4 2
6 5 5
6 16 3
7 0 2
7 1 4
7 2 4
7 3 3
8 0 2
8 2 5
8 30 3
8 32 3
8 33 4
9 2 1
9 33 2
10 0 2
10 4 3
10 5 3
11 0 3
12 0 1
12 3 3
13 0 3
13 1 5
13 2 3
13 3 3
13 33 3
14 32 3
14 33 2
15 32 3
15 33 4
16 5 3
16 6 3
17 0 2
17 1 1
18 32 1
18 33 2
19 0 2
19 1 2
19 33 1
20 32 3
20 33 1
21 0 2
21 1 2
22 32 2
22 33 3
23 25 5
23 27 4
23 29 3
23 32 5
23 33 4
24 25 2
24 27 3
24 31 2
25 23 5
25 24 2
25 31 7
26 29 4
26 33 2
27 2 2
27 23 4
27 24 3
27 33 4
28 2 2
28 31 2
28 33 2
29 23 3
29 26 4
29 32 4
29 33 2
30 1 2
30 8 3
30 32 3
30 33 3
31 0 2
31 24 2
31 25 7
31 28 2
31 32 4
31 33 4
32 2 2
32 8 3
32 14 3
32 15 3
32 18 1
32 20 3
32 22 2
32 23 5
32 29 4
32 30 3
32 31 4
32 33 5
33 8 4
33 9 2
33 13 3
33 14 2
33 15 4
33 18 2
33 19 1
33 20 1
33 22 3
33 23 4
33 26 2
33 27 4
33 28 2
33 29 2
33 30 3
33 31 4
33 32 5
