   8   0   0   0   2   4   0   1   0   0   0   0   0   0   2   1   0   1   0   0   1   0   0   0   1   2   0   0   1   2   0   0   0   0   0   1   0   1   0   0   1   1   0
   0   6   1   0   2   2   3   1   0   0   0   0   0   0   0   0   2   0   0   0   0   0   0   0   0   0   0   0   0   0   0   0   0   0   0   0   0   0   1   0   0   0   0
   0   1  27   0  12  10  18   1   0   0   0   0   0   1   6   0   1   0   0   3   1   0   0   0   0   0   0   0   0   1   0   1   0   0   0   1   1   2   0   0   0   0   0
   0   0   0   7   0   3   1   0   0   0   1   0   0   2   0   0   2   0   0   0   0   0   0   0   0   0   0   0   0   0   0   0   0   0   0   0   0   1   0   0   0   0   1
   2   2  12   0  92  47  17   7   0   0   1   1   0   8  29   2   5   1   0   0   5   1   2   2   0   4   0   0   3   6   8   3   0   0   0   0   0  11   1   0   7   0   3
   4   2  10   3  47 138  28  17   0   0   6   0   0  16  38   5  17   2   0   1   3   0   0   3   2   8   0   0   3   5  17   5   1   1   1   0   0  18   2   1  10   2   5
   0   3  18   1  17  28  73  15   0   0   0   0   1   7  20   7   9   1   0   3   2   1   2   1   0   5   0   0   0   4   4   1   0   2   2   0   1   5   4   0   2   1   0
   1   1   1   0   7  17  15  34   0   0   0   1   0   0  14   2   4   0   0   0   0   0   0   1   0   2   0   0   0   0   6   0   0   1   0   1   0   2   0   0   1   0   0
   0   0   0   0   0   0   0   0  11   3   0   2   4   0   0   0   0   2   4   0   0   0   1   0   4   0   3   1   0   0   0   0   0   0   1   0   0   0   0   0   0   0   0
   0   0   0   0   0   0   0   0   3   4   0   0   4   0   0   0   0   0   2   0   0   0   0   0   1   0   1   1   1   0   0   0   0   0   0   0   0   0   0   0   0   0   0
   0   0   0   1   1   6   0   0   0   0   8   0   0   1   2   0   0   0   0   0   0   0   0   0   0   0   0   0   0   0   1   0   0   0   0   0   0   1   0   0   0   0   0
   0   0   0   0   1   0   0   1   2   0   0  21   3   0   2   0   2   6   5   0   0   5   4   5   1   3   4   0   1   0   0   0   0   5   5   0   0   0   0   1   0   0   1
   0   0   0   0   0   0   1   0   4   4   0   3  28   0   0   0   0   2   3   0   1   0   1   0   4   1   1  17   6   1   0   0   6  15  13   3   0   0   0   0   0   2   0
   0   0   1   2   8  16   7   0   0   0   1   0   0  30   1   0   7   0   0   1   1   0   0   0   0   1   0   0   0   1   1   0   0   0   0   0   0   4   2   0   1   0   3
   2   0   6   0  29  38  20  14   0   0   2   2   0   1  79   5   8   0   0   1   2   2   0   1   0  13   0   0   1   1  16   1   0   1   0   0   1   7   0   0   4   0   2
   1   0   0   0   2   5   7   2   0   0   0   0   0   0   5  12   1   0   0   0   0   0   1   0   0   1   0   0   0   0   0   0   0   0   0   0   0   0   2   0   1   0   0
   0   2   1   2   5  17   9   4   0   0   0   2   0   7   8   1  29   0   0   0   0   0   0   0   0   2   1   0   0   0   2   0   0   0   0   0   0   2   1   0   2   0   3
   1   0   0   0   1   2   1   0   2   0   0   6   2   0   0   0   0  15   2   0   2   2   3   1   2   2   2   1   4   1   0   1   1   2   3   2   0   0   0   1   0   1   1
   0   0   0   0   0   0   0   0   4   2   0   5   3   0   0   0   0   2   7   0   0   2   2   2   1   0   4   0   0   0   0   0   0   0   1   0   0   0   0   0   0   0   0
   0   0   3   0   0   1   3   0   0   0   0   0   0   1   1   0   0   0   0   5   0   0   0   0   0   1   0   0   0   0   0   0   0   0   0   0   0   0   0   0   0   0   0
   1   0   1   0   5   3   2   0   0   0   0   0   1   1   2   0   0   2   0   0  18   0   0   4   2   3   0   2   4   1   0   0   0   1   1   0   3   2   0   0   0   1   2
   0   0   0   0   1   0   1   0   0   0   0   5   0   0   2   0   0   2   2   0   0  14   6   9   1   1   1   0   2   0   0   0   0   0   0   0   0   0   0   0   0   0   0
   0   0   0   0   2   0   2   0   1   0   0   4   1   0   0   1   0   3   2   0   0   6  18   6   1   0   1   1   0   0   1   0   1   4   2   0   0   0   0   0   0   0   0
   0   0   0   0   2   3   1   1   0   0   0   5   0   0   1   0   0   1   2   0   4   9   6  24   1   1   1   0   8   0   0   0   0   2   2   0   1   0   1   0   0   0   0
   1   0   0   0   0   2   0   0   4   1   0   1   4   0   0   0   0   2   1   0   2   1   1   1  17   1   1   7   4   1   0   0   1   3   2   3   0   0   0   0   0   3   2
   2   0   0   0   4   8   5   2   0   0   0   3   1   1  13   1   2   2   0   1   3   1   0   1   1  23   0   0   1   1   0   0   0   1   1   0   0   2   0   0   1   1   2
   0   0   0   0   0   0   0   0   3   1   0   4   1   0   0   0   1   2   4   0   0   1   1   1   1   0   5   0   0   0   0   0   0   0   1   0   0   0   0   0   0   0   0
   0   0   0   0   0   0   0   0   1   1   0   0  17   0   0   0   0   1   0   0   2   0   1   0   7   0   0  22   6   0   0   0   6  12  10   2   0   0   0   0   0   2   0
   1   0   0   0   3   3   0   0   0   1   0   1   6   0   1   0   0   4   0   0   4   2   0   8   4   1   0   6  26   2   0   0   2   3   3   2   1   1   1   2   0   3   0
   2   0   1   0   6   5   4   0   0   0   0   0   1   1   1   0   0   1   0   0   1   0   0   0   1   1   0   0   2  15   1   0   0   0   0   1   0   2   0   0   0   1   0
   0   0   0   0   8  17   4   6   0   0   1   0   0   1  16   0   2   0   0   0   0   0   1   0   0   0   0   0   0   1  27   0   0   0   0   0   0   1   0   0   7   0   0
   0   0   1   0   3   5   1   0   0   0   0   0   0   0   1   0   0   1   0   0   0   0   0   0   0   0   0   0   0   0   0   9   0   0   0   0   1   1   0   0   0   0   0
   0   0   0   0   0   1   0   0   0   0   0   0   6   0   0   0   0   1   0   0   0   0   1   0   1   0   0   6   2   0   0   0  11   9   8   0   0   0   0   1   0   0   0
   0   0   0   0   0   1   2   1   0   0   0   5  15   0   1   0   0   2   0   0   1   0   4   2   3   1   0  12   3   0   0   0   9  28  22   2   0   0   0   1   0   2   0
   0   0   0   0   0   1   2   0   1   0   0   5  13   0   0   0   0   3   1   0   1   0   2   2   2   1   1  10   3   0   0   0   8  22  24   2   0   0   0   1   0   2   0
   1   0   1   0   0   0   0   1   0   0   0   0   3   0   0   0   0   2   0   0   0   0   0   0   3   0   0   2   2   1   0   0   0   2   2  10   0   0   0   0   0   2   2
   0   0   1   0   0   0   1   0   0   0   0   0   0   0   1   0   0   0   0   0   3   0   0   1   0   0   0   0   1   0   0   1   0   0   0   0   6   0   0   0   0   0   0
   1   0   2   1  11  18   5   2   0   0   1   0   0   4   7   0   2   0   0   0   2   0   0   0   0   2   0   0   1   2   1   1   0   0   0   0   0  36   0   1   2   0   2
   0   1   0   0   1   2   4   0   0   0   0   0   0   2   0   2   1   0   0   0   0   0   0   1   0   0   0   0   1   0   0   0   0   0   0   0   0   0   9   0   0   0   0
   0   0   0   0   0   1   0   0   0   0   0   1   0   0   0   0   0   1   0   0   0   0   0   0   0   0   0   0   2   0   0   0   1   1   1   0   0   1   0   5   0   0   0
   1   0   0   0   7  10   2   1   0   0   0   0   0   1   4   1   2   0   0   0   0   0   0   0   0   1   0   0   0   0   7   0   0   0   0   0   0   2   0   0  15   0   0
   1   0   0   0   0   2   1   0   0   0   0   0   2   0   0   0   0   1   0   0   1   0   0   0   3   1   0   2   3   1   0   0   0   2   2   2   0   0   0   0   0   6   1
   0   0   0   1   3   5   0   0   0   0   0   1   0   3   2   0   0   0   0   0   0   0   0   0   0   0   0   0   0   0   0   0   0   0   0   0   0   0   0   0   0   0   0